-0.000281769
-0.000563537
-0.000845306
-0.00112707
-0.00140884
-0.00169061
-0.00197238
-0.00225415
-0.00253592
-0.00281769
-0.00309945
-0.00338122
-0.00366299
-0.00394476
-0.00422652
-0.00450829
-0.00479006
-0.00507183
-0.00535359
-0.00563536
-0.00591712
-0.00619889
-0.00648066
-0.00676242
-0.00704419
-0.00732595
-0.00760772
-0.00788948
-0.00817124
-0.00845301
-0.00873477
-0.00901653
-0.00929829
-0.00958006
-0.00986182
-0.0101436
-0.0104253
-0.0107071
-0.0109889
-0.0112706
-0.0115524
-0.0118341
-0.0121159
-0.0123976
-0.0126794
-0.0129612
-0.0132429
-0.0135247
-0.0138064
-0.0140882
-0.0143699
-0.0146517
-0.0149334
-0.0152152
-0.0154969
-0.0157787
-0.0160604
-0.0163422
-0.0166239
-0.0169057
-0.0171874
-0.0174692
-0.0177509
-0.0180327
-0.0183144
-0.0185961
-0.0188779
-0.0191596
-0.0194414
-0.0197231
-0.0200048
-0.0202866
-0.0205683
-0.02085
-0.0211318
-0.0214135
-0.0216952
-0.021977
-0.0222587
-0.0225404
-0.0228222
-0.0231039
-0.0233856
-0.0236673
-0.0239491
-0.0242308
-0.0245125
-0.0247942
-0.0250759
-0.0253577
-0.0256394
-0.0259211
-0.0262028
-0.0264845
-0.0267662
-0.027048
-0.0273297
-0.0276114
-0.0278931
-0.0281748
-0.0284565
-0.0287382
-0.0290199
-0.0293016
-0.0295833
-0.029865
-0.0301467
-0.0304284
-0.0307101
-0.0309918
-0.0312735
-0.0315552
-0.0318369
-0.0321185
-0.0324002
-0.0326819
-0.0329636
-0.0332453
-0.033527
-0.0338086
-0.0340903
-0.034372
-0.0346537
-0.0349353
-0.035217
-0.0354987
-0.0357804
-0.036062
-0.0363437
-0.0366253
-0.036907
-0.0371887
-0.0374703
-0.037752
-0.0380336
-0.0383153
-0.0385969
-0.0388786
-0.0391602
-0.0394419
-0.0397235
-0.0400052
-0.0402868
-0.0405685
-0.0408501
-0.0411317
-0.0414134
-0.041695
-0.0419766
-0.0422583
-0.0425399
-0.0428215
-0.0431031
-0.0433848
-0.0436664
-0.043948
-0.0442296
-0.0445112
-0.0447928
-0.0450744
-0.045356
-0.0456377
-0.0459193
-0.0462009
-0.0464825
-0.0467641
-0.0470456
-0.0473272
-0.0476088
-0.0478904
-0.048172
-0.0484536
-0.0487352
-0.0490168
-0.0492983
-0.0495799
-0.0498615
-0.0501431
-0.0504246
-0.0507062
-0.0509878
-0.0512693
-0.0515509
-0.0518324
-0.052114
-0.0523955
-0.0526771
-0.0529586
-0.0532402
-0.0535217
-0.0538033
-0.0540848
-0.0543663
-0.0546479
-0.0549294
-0.0552109
-0.0554925
-0.055774
-0.0560555
-0.056337
-0.0566185
-0.0569001
-0.0571816
-0.0574631
-0.0577446
-0.0580261
-0.0583076
-0.0585891
-0.0588706
-0.0591521
-0.0594336
-0.0597151
-0.0599965
-0.060278
-0.0605595
-0.060841
-0.0611225
-0.0614039
-0.0616854
-0.0619669
-0.0622483
-0.0625298
-0.0628112
-0.0630927
-0.0633742
-0.0636556
-0.0639371
-0.0642185
-0.0644999
-0.0647814
-0.0650628
-0.0653442
-0.0656257
-0.0659071
-0.0661885
-0.0664699
-0.0667514
-0.0670328
-0.0673142
-0.0675956
-0.067877
-0.0681584
-0.0684398
-0.0687212
-0.0690026
-0.069284
-0.0695654
-0.0698468
-0.0701281
-0.0704095
-0.0706909
-0.0709723
-0.0712536
-0.071535
-0.0718164
-0.0720977
-0.0723791
-0.0726604
-0.0729418
-0.0732231
-0.0735045
-0.0737858
-0.0740671
-0.0743485
-0.0746298
-0.0749111
-0.0751925
-0.0754738
-0.0757551
-0.0760364
-0.0763177
-0.076599
-0.0768803
-0.0771616
-0.0774429
-0.0777242
-0.0780055
-0.0782868
-0.0785681
-0.0788494
-0.0791306
-0.0794119
-0.0796932
-0.0799744
-0.0802557
-0.080537
-0.0808182
-0.0810995
-0.0813807
-0.0816619
-0.0819432
-0.0822244
-0.0825057
-0.0827869
-0.0830681
-0.0833493
-0.0836305
-0.0839118
-0.084193
-0.0844742
-0.0847554
-0.0850366
-0.0853178
-0.085599
-0.0858801
-0.0861613
-0.0864425
-0.0867237
-0.0870049
-0.087286
-0.0875672
-0.0878483
-0.0881295
-0.0884107
-0.0886918
-0.0889729
-0.0892541
-0.0895352
-0.0898164
-0.0900975
-0.0903786
-0.0906597
-0.0909408
-0.091222
-0.0915031
-0.0917842
-0.0920653
-0.0923464
-0.0926275
-0.0929085
-0.0931896
-0.0934707
-0.0937518
-0.0940329
-0.0943139
-0.094595
-0.094876
-0.0951571
-0.0954381
-0.0957192
-0.0960002
-0.0962813
-0.0965623
-0.0968433
-0.0971243
-0.0974054
-0.0976864
-0.0979674
-0.0982484
-0.0985294
-0.0988104
-0.0990914
-0.0993724
-0.0996534
-0.0999343
-0.100215
-0.100496
-0.100777
-0.101058
-0.101339
-0.10162
-0.101901
-0.102182
-0.102463
-0.102744
-0.103025
-0.103306
-0.103587
-0.103868
-0.104149
-0.104429
-0.10471
-0.104991
-0.105272
-0.105553
-0.105834
-0.106115
-0.106396
-0.106677
-0.106957
-0.107238
-0.107519
-0.1078
-0.108081
-0.108362
-0.108642
-0.108923
-0.109204
-0.109485
-0.109766
-0.110047
-0.110327
-0.110608
-0.110889
-0.11117
-0.111451
-0.111731
-0.112012
-0.112293
-0.112574
-0.112854
-0.113135
-0.113416
-0.113697
-0.113977
-0.114258
-0.114539
-0.11482
-0.1151
-0.115381
-0.115662
-0.115942
-0.116223
-0.116504
-0.116785
-0.117065
-0.117346
-0.117627
-0.117907
-0.118188
-0.118469
-0.118749
-0.11903
-0.119311
-0.119591
-0.119872
-0.120152
-0.120433
-0.120714
-0.120994
-0.121275
-0.121555
-0.121836
-0.122117
-0.122397
-0.122678
-0.122958
-0.123239
-0.12352
-0.1238
-0.124081
-0.124361
-0.124642
-0.124922
-0.125203
-0.125483
-0.125764
-0.126044
-0.126325
-0.126605
-0.126886
-0.127166
-0.127447
-0.127727
-0.128008
-0.128288
-0.128569
-0.128849
-0.12913
-0.12941
-0.12969
-0.129971
-0.130251
-0.130532
-0.130812
-0.131093
-0.131373
-0.131653
-0.131934
-0.132214
-0.132495
-0.132775
-0.133055
-0.133336
-0.133616
-0.133896
-0.134177
-0.134457
-0.134737
-0.135018
-0.135298
-0.135578
-0.135859
-0.136139
-0.136419
-0.136699
-0.13698
-0.13726
-0.13754
-0.137821
-0.138101
-0.138381
-0.138661
-0.138942
-0.139222
-0.139502
-0.139782
-0.140062
-0.140343
-0.140623
-0.140903
-0.141183
-0.141463
-0.141744
-0.142024
-0.142304
-0.142584
-0.142864
-0.143144
-0.143425
-0.143705
-0.143985
-0.144265
-0.144545
-0.144825
-0.145105
-0.145385
-0.145665
-0.145945
-0.146226
-0.146506
-0.146786
-0.147066
-0.147346
-0.147626
-0.147906
-0.148186
-0.148466
-0.148746
-0.149026
-0.149306
-0.149586
-0.149866
-0.150146
-0.150426
-0.150706
-0.150986
-0.151266
-0.151546
-0.151826
-0.152106
-0.152386
-0.152665
-0.152945
-0.153225
-0.153505
-0.153785
-0.154065
-0.154345
-0.154625
-0.154905
-0.155184
-0.155464
-0.155744
-0.156024
-0.156304
-0.156584
-0.156863
-0.157143
-0.157423
-0.157703
-0.157983
-0.158262
-0.158542
-0.158822
-0.159102
-0.159381
-0.159661
-0.159941
-0.160221
-0.1605
-0.16078
-0.16106
-0.16134
-0.161619
-0.161899
-0.162179
-0.162458
-0.162738
-0.163018
-0.163297
-0.163577
-0.163857
-0.164136
-0.164416
-0.164695
-0.164975
-0.165255
-0.165534
-0.165814
-0.166093
-0.166373
-0.166652
-0.166932
-0.167212
-0.167491
-0.167771
-0.16805
-0.16833
-0.168609
-0.168889
-0.169168
-0.169448
-0.169727
-0.170007
-0.170286
-0.170566
-0.170845
-0.171124
-0.171404
-0.171683
-0.171963
-0.172242
-0.172522
-0.172801
-0.17308
-0.17336
-0.173639
-0.173918
-0.174198
-0.174477
-0.174757
-0.175036
-0.175315
-0.175594
-0.175874
-0.176153
-0.176432
-0.176712
-0.176991
-0.17727
-0.177549
-0.177829
-0.178108
-0.178387
-0.178666
-0.178946
-0.179225
-0.179504
-0.179783
-0.180062
-0.180342
-0.180621
-0.1809
-0.181179
-0.181458
-0.181737
-0.182017
-0.182296
-0.182575
-0.182854
-0.183133
-0.183412
-0.183691
-0.18397
-0.184249
-0.184528
-0.184807
-0.185087
-0.185366
-0.185645
-0.185924
-0.186203
-0.186482
-0.186761
-0.18704
-0.187319
-0.187598
-0.187877
-0.188155
-0.188434
-0.188713
-0.188992
-0.189271
-0.18955
-0.189829
-0.190108
-0.190387
-0.190666
-0.190945
-0.191223
-0.191502
-0.191781
-0.19206
-0.192339
-0.192618
-0.192896
-0.193175
-0.193454
-0.193733
-0.194011
-0.19429
-0.194569
-0.194848
-0.195126
-0.195405
-0.195684
-0.195963
-0.196241
-0.19652
-0.196799
-0.197077
-0.197356
-0.197635
-0.197913
-0.198192
-0.198471
-0.198749
-0.199028
-0.199306
-0.199585
-0.199864
-0.200142
-0.200421
-0.200699
-0.200978
-0.201256
-0.201535
-0.201813
-0.202092
-0.20237
-0.202649
-0.202927
-0.203206
-0.203484
-0.203763
-0.204041
-0.20432
-0.204598
-0.204877
-0.205155
-0.205433
-0.205712
-0.20599
-0.206269
-0.206547
-0.206825
-0.207104
-0.207382
-0.20766
-0.207939
-0.208217
-0.208495
-0.208774
-0.209052
-0.20933
-0.209608
-0.209887
-0.210165
-0.210443
-0.210721
-0.211
-0.211278
-0.211556
-0.211834
-0.212112
-0.212391
-0.212669
-0.212947
-0.213225
-0.213503
-0.213781
-0.214059
-0.214337
-0.214616
-0.214894
-0.215172
-0.21545
-0.215728
-0.216006
-0.216284
-0.216562
-0.21684
-0.217118
-0.217396
-0.217674
-0.217952
-0.21823
-0.218508
-0.218786
-0.219064
-0.219342
-0.21962
-0.219897
-0.220175
-0.220453
-0.220731
-0.221009
-0.221287
-0.221565
-0.221842
-0.22212
-0.222398
-0.222676
-0.222954
-0.223232
-0.223509
-0.223787
-0.224065
-0.224343
-0.22462
-0.224898
-0.225176
-0.225453
-0.225731
-0.226009
-0.226287
-0.226564
-0.226842
-0.227119
-0.227397
-0.227675
-0.227952
-0.22823
-0.228508
-0.228785
-0.229063
-0.22934
-0.229618
-0.229895
-0.230173
-0.23045
-0.230728
-0.231005
-0.231283
-0.23156
-0.231838
-0.232115
-0.232393
-0.23267
-0.232948
-0.233225
-0.233502
-0.23378
-0.234057
-0.234335
-0.234612
-0.234889
-0.235167
-0.235444
-0.235721
-0.235999
-0.236276
-0.236553
-0.236831
-0.237108
-0.237385
-0.237662
-0.23794
-0.238217
-0.238494
-0.238771
-0.239048
-0.239326
-0.239603
-0.23988
-0.240157
-0.240434
-0.240711
-0.240988
-0.241266
-0.241543
-0.24182
-0.242097
-0.242374
-0.242651
-0.242928
-0.243205
-0.243482
-0.243759
-0.244036
-0.244313
-0.24459
-0.244867
-0.245144
-0.245421
-0.245698
-0.245975
-0.246252
-0.246529
-0.246805
-0.247082
-0.247359
-0.247636
-0.247913
-0.24819
-0.248467
-0.248743
-0.24902
-0.249297
-0.249574
-0.24985
-0.250127
-0.250404
-0.250681
-0.250957
-0.251234
-0.251511
-0.251787
-0.252064
-0.252341
-0.252617
-0.252894
-0.253171
-0.253447
-0.253724
-0.254001
-0.254277
-0.254554
-0.25483
-0.255107
-0.255383
-0.25566
-0.255936
-0.256213
-0.256489
-0.256766
-0.257042
-0.257319
-0.257595
-0.257872
-0.258148
-0.258424
-0.258701
-0.258977
-0.259254
-0.25953
-0.259806
-0.260083
-0.260359
-0.260635
-0.260912
-0.261188
-0.261464
-0.26174
-0.262017
-0.262293
-0.262569
-0.262845
-0.263122
-0.263398
-0.263674
-0.26395
-0.264226
-0.264502
-0.264779
-0.265055
-0.265331
-0.265607
-0.265883
-0.266159
-0.266435
-0.266711
-0.266987
-0.267263
-0.267539
-0.267815
-0.268091
-0.268367
-0.268643
-0.268919
-0.269195
-0.269471
-0.269747
-0.270023
-0.270299
-0.270575
-0.270851
-0.271126
-0.271402
-0.271678
-0.271954
-0.27223
-0.272506
-0.272781
-0.273057
-0.273333
-0.273609
-0.273884
-0.27416
-0.274436
-0.274711
-0.274987
-0.275263
-0.275538
-0.275814
-0.27609
-0.276365
-0.276641
-0.276917
-0.277192
-0.277468
-0.277743
-0.278019
-0.278294
-0.27857
-0.278845
-0.279121
-0.279396
-0.279672
-0.279947
-0.280223
-0.280498
-0.280774
-0.281049
-0.281324
-0.2816
-0.281875
-0.282151
-0.282426
-0.282701
-0.282977
-0.283252
-0.283527
-0.283802
-0.284078
-0.284353
-0.284628
-0.284903
-0.285179
-0.285454
-0.285729
-0.286004
-0.286279
-0.286555
-0.28683
-0.287105
-0.28738
-0.287655
-0.28793
-0.288205
-0.28848
-0.288755
-0.28903
-0.289305
-0.28958
-0.289855
-0.29013
-0.290405
-0.29068
-0.290955
-0.29123
-0.291505
-0.29178
-0.292055
-0.29233
-0.292605
-0.292879
-0.293154
-0.293429
-0.293704
-0.293979
-0.294253
-0.294528
-0.294803
-0.295078
-0.295352
-0.295627
-0.295902
-0.296177
-0.296451
-0.296726
-0.297001
-0.297275
-0.29755
-0.297824
-0.298099
-0.298374
-0.298648
-0.298923
-0.299197
-0.299472
-0.299746
-0.300021
-0.300295
-0.30057
-0.300844
-0.301119
-0.301393
-0.301667
-0.301942
-0.302216
-0.302491
-0.302765
-0.303039
-0.303314
-0.303588
-0.303862
-0.304137
-0.304411
-0.304685
-0.304959
-0.305234
-0.305508
-0.305782
-0.306056
-0.30633
-0.306605
-0.306879
-0.307153
-0.307427
-0.307701
-0.307975
-0.308249
-0.308523
-0.308797
-0.309072
-0.309346
-0.30962
-0.309894
-0.310168
-0.310442
-0.310715
-0.310989
-0.311263
-0.311537
-0.311811
-0.312085
-0.312359
-0.312633
-0.312907
-0.31318
-0.313454
-0.313728
-0.314002
-0.314276
-0.314549
-0.314823
-0.315097
-0.315371
-0.315644
-0.315918
-0.316192
-0.316465
-0.316739
-0.317013
-0.317286
-0.31756
-0.317833
-0.318107
-0.318381
-0.318654
-0.318928
-0.319201
-0.319475
-0.319748
-0.320022
-0.320295
-0.320568
-0.320842
-0.321115
-0.321389
-0.321662
-0.321935
-0.322209
-0.322482
-0.322755
-0.323029
-0.323302
-0.323575
-0.323849
-0.324122
-0.324395
-0.324668
-0.324942
-0.325215
-0.325488
-0.325761
-0.326034
-0.326307
-0.32658
-0.326854
-0.327127
-0.3274
-0.327673
-0.327946
-0.328219
-0.328492
-0.328765
-0.329038
-0.329311
-0.329584
-0.329857
-0.33013
-0.330403
-0.330675
-0.330948
-0.331221
-0.331494
-0.331767
-0.33204
-0.332312
-0.332585
-0.332858
-0.333131
-0.333404
-0.333676
-0.333949
-0.334222
-0.334494
-0.334767
-0.33504
-0.335312
-0.335585
-0.335857
-0.33613
-0.336403
-0.336675
-0.336948
-0.33722
-0.337493
-0.337765
-0.338038
-0.33831
-0.338583
-0.338855
-0.339128
-0.3394
-0.339672
-0.339945
-0.340217
-0.340489
-0.340762
-0.341034
-0.341306
-0.341579
-0.341851
-0.342123
-0.342395
-0.342668
-0.34294
-0.343212
-0.343484
-0.343756
-0.344028
-0.344301
-0.344573
-0.344845
-0.345117
-0.345389
-0.345661
-0.345933
-0.346205
-0.346477
-0.346749
-0.347021
-0.347293
-0.347565
-0.347837
-0.348109
-0.34838
-0.348652
-0.348924
-0.349196
-0.349468
-0.34974
-0.350011
-0.350283
-0.350555
-0.350827
-0.351098
-0.35137
-0.351642
-0.351913
-0.352185
-0.352457
-0.352728
-0.353
-0.353272
-0.353543
-0.353815
-0.354086
-0.354358
-0.354629
-0.354901
-0.355172
-0.355444
-0.355715
-0.355987
-0.356258
-0.35653
-0.356801
-0.357072
-0.357344
-0.357615
-0.357886
-0.358158
-0.358429
-0.3587
-0.358971
-0.359243
-0.359514
-0.359785
-0.360056
-0.360327
-0.360599
-0.36087
-0.361141
-0.361412
-0.361683
-0.361954
-0.362225
-0.362496
-0.362767
-0.363038
-0.363309
-0.36358
-0.363851
-0.364122
-0.364393
-0.364664
-0.364935
-0.365206
-0.365476
-0.365747
-0.366018
-0.366289
-0.36656
-0.36683
-0.367101
-0.367372
-0.367643
-0.367913
-0.368184
-0.368455
-0.368725
-0.368996
-0.369267
-0.369537
-0.369808
-0.370078
-0.370349
-0.37062
-0.37089
-0.371161
-0.371431
-0.371701
-0.371972
-0.372242
-0.372513
-0.372783
-0.373054
-0.373324
-0.373594
-0.373865
-0.374135
-0.374405
-0.374675
-0.374946
-0.375216
-0.375486
-0.375756
-0.376027
-0.376297
-0.376567
-0.376837
-0.377107
-0.377377
-0.377647
-0.377917
-0.378187
-0.378458
-0.378728
-0.378998
-0.379268
-0.379537
-0.379807
-0.380077
-0.380347
-0.380617
-0.380887
-0.381157
-0.381427
-0.381697
-0.381966
-0.382236
-0.382506
-0.382776
-0.383045
-0.383315
-0.383585
-0.383855
-0.384124
-0.384394
-0.384663
-0.384933
-0.385203
-0.385472
-0.385742
-0.386011
-0.386281
-0.38655
-0.38682
-0.387089
-0.387359
-0.387628
-0.387898
-0.388167
-0.388436
-0.388706
-0.388975
-0.389244
-0.389514
-0.389783
-0.390052
-0.390322
-0.390591
-0.39086
-0.391129
-0.391398
-0.391668
-0.391937
-0.392206
-0.392475
-0.392744
-0.393013
-0.393282
-0.393551
-0.39382
-0.394089
-0.394358
-0.394627
-0.394896
-0.395165
-0.395434
-0.395703
-0.395972
-0.396241
-0.39651
-0.396778
-0.397047
-0.397316
-0.397585
-0.397853
-0.398122
-0.398391
-0.39866
-0.398928
-0.399197
-0.399466
-0.399734
-0.400003
-0.400271
-0.40054
-0.400808
-0.401077
-0.401345
-0.401614
-0.401882
-0.402151
-0.402419
-0.402688
-0.402956
-0.403225
-0.403493
-0.403761
-0.40403
-0.404298
-0.404566
-0.404834
-0.405103
-0.405371
-0.405639
-0.405907
-0.406175
-0.406444
-0.406712
-0.40698
-0.407248
-0.407516
-0.407784
-0.408052
-0.40832
-0.408588
-0.408856
-0.409124
-0.409392
-0.40966
-0.409928
-0.410196
-0.410464
-0.410731
-0.410999
-0.411267
-0.411535
-0.411803
-0.41207
-0.412338
-0.412606
-0.412874
-0.413141
-0.413409
-0.413677
-0.413944
-0.414212
-0.414479
-0.414747
-0.415015
-0.415282
-0.41555
-0.415817
-0.416084
-0.416352
-0.416619
-0.416887
-0.417154
-0.417422
-0.417689
-0.417956
-0.418224
-0.418491
-0.418758
-0.419025
-0.419293
-0.41956
-0.419827
-0.420094
-0.420361
-0.420629
-0.420896
-0.421163
-0.42143
-0.421697
-0.421964
-0.422231
-0.422498
-0.422765
-0.423032
-0.423299
-0.423566
-0.423833
-0.4241
-0.424366
-0.424633
-0.4249
-0.425167
-0.425434
-0.4257
-0.425967
-0.426234
-0.426501
-0.426767
-0.427034
-0.427301
-0.427567
-0.427834
-0.4281
-0.428367
-0.428634
-0.4289
-0.429167
-0.429433
-0.4297
-0.429966
-0.430232
-0.430499
-0.430765
-0.431032
-0.431298
-0.431564
-0.431831
-0.432097
-0.432363
-0.432629
-0.432896
-0.433162
-0.433428
-0.433694
-0.43396
-0.434226
-0.434493
-0.434759
-0.435025
-0.435291
-0.435557
-0.435823
-0.436089
-0.436355
-0.436621
-0.436887
-0.437153
-0.437418
-0.437684
-0.43795
-0.438216
-0.438482
-0.438748
-0.439013
-0.439279
-0.439545
-0.43981
-0.440076
-0.440342
-0.440607
-0.440873
-0.441139
-0.441404
-0.44167
-0.441935
-0.442201
-0.442466
-0.442732
-0.442997
-0.443263
-0.443528
-0.443794
-0.444059
-0.444324
-0.44459
-0.444855
-0.44512
-0.445385
-0.445651
-0.445916
-0.446181
-0.446446
-0.446711
-0.446977
-0.447242
-0.447507
-0.447772
-0.448037
-0.448302
-0.448567
-0.448832
-0.449097
-0.449362
-0.449627
-0.449892
-0.450157
-0.450422
-0.450686
-0.450951
-0.451216
-0.451481
-0.451746
-0.45201
-0.452275
-0.45254
-0.452804
-0.453069
-0.453334
-0.453598
-0.453863
-0.454128
-0.454392
-0.454657
-0.454921
-0.455186
-0.45545
-0.455715
-0.455979
-0.456243
-0.456508
-0.456772
-0.457037
-0.457301
-0.457565
-0.457829
-0.458094
-0.458358
-0.458622
-0.458886
-0.45915
-0.459415
-0.459679
-0.459943
-0.460207
-0.460471
-0.460735
-0.460999
-0.461263
-0.461527
-0.461791
-0.462055
-0.462319
-0.462583
-0.462847
-0.46311
-0.463374
-0.463638
-0.463902
-0.464166
-0.464429
-0.464693
-0.464957
-0.46522
-0.465484
-0.465748
-0.466011
-0.466275
-0.466539
-0.466802
-0.467066
-0.467329
-0.467593
-0.467856
-0.468119
-0.468383
-0.468646
-0.46891
-0.469173
-0.469436
-0.4697
-0.469963
-0.470226
-0.470489
-0.470753
-0.471016
-0.471279
-0.471542
-0.471805
-0.472068
-0.472331
-0.472594
-0.472857
-0.473121
-0.473384
-0.473646
-0.473909
-0.474172
-0.474435
-0.474698
-0.474961
-0.475224
-0.475487
-0.475749
-0.476012
-0.476275
-0.476538
-0.4768
-0.477063
-0.477326
-0.477588
-0.477851
-0.478114
-0.478376
-0.478639
-0.478901
-0.479164
-0.479426
-0.479689
-0.479951
-0.480213
-0.480476
-0.480738
-0.481001
-0.481263
-0.481525
-0.481787
-0.48205
-0.482312
-0.482574
-0.482836
-0.483099
-0.483361
-0.483623
-0.483885
-0.484147
-0.484409
-0.484671
-0.484933
-0.485195
-0.485457
-0.485719
-0.485981
-0.486243
-0.486505
-0.486766
-0.487028
-0.48729
-0.487552
-0.487814
-0.488075
-0.488337
-0.488599
-0.48886
-0.489122
-0.489384
-0.489645
-0.489907
-0.490168
-0.49043
-0.490691
-0.490953
-0.491214
-0.491476
-0.491737
-0.491998
-0.49226
-0.492521
-0.492782
-0.493044
-0.493305
-0.493566
-0.493828
-0.494089
-0.49435
-0.494611
-0.494872
-0.495133
-0.495394
-0.495655
-0.495916
-0.496177
-0.496438
-0.496699
-0.49696
-0.497221
-0.497482
-0.497743
-0.498004
-0.498265
-0.498526
-0.498786
-0.499047
-0.499308
-0.499568
-0.499829
-0.50009
-0.50035
-0.500611
-0.500872
-0.501132
-0.501393
-0.501653
-0.501914
-0.502174
-0.502435
-0.502695
-0.502955
-0.503216
-0.503476
-0.503737
-0.503997
-0.504257
-0.504517
-0.504778
-0.505038
-0.505298
-0.505558
-0.505818
-0.506078
-0.506339
-0.506599
-0.506859
-0.507119
-0.507379
-0.507639
-0.507899
-0.508158
-0.508418
-0.508678
-0.508938
-0.509198
-0.509458
-0.509717
-0.509977
-0.510237
-0.510497
-0.510756
-0.511016
-0.511276
-0.511535
-0.511795
-0.512054
-0.512314
-0.512573
-0.512833
-0.513092
-0.513352
-0.513611
-0.513871
-0.51413
-0.514389
-0.514649
-0.514908
-0.515167
-0.515426
-0.515686
-0.515945
-0.516204
-0.516463
-0.516722
-0.516981
-0.51724
-0.5175
-0.517759
-0.518018
-0.518277
-0.518535
-0.518794
-0.519053
-0.519312
-0.519571
-0.51983
-0.520089
-0.520347
-0.520606
-0.520865
-0.521124
-0.521382
-0.521641
-0.5219
-0.522158
-0.522417
-0.522675
-0.522934
-0.523192
-0.523451
-0.523709
-0.523968
-0.524226
-0.524484
-0.524743
-0.525001
-0.525259
-0.525518
-0.525776
-0.526034
-0.526292
-0.526551
-0.526809
-0.527067
-0.527325
-0.527583
-0.527841
-0.528099
-0.528357
-0.528615
-0.528873
-0.529131
-0.529389
-0.529647
-0.529905
-0.530163
-0.53042
-0.530678
-0.530936
-0.531194
-0.531451
-0.531709
-0.531967
-0.532224
-0.532482
-0.532739
-0.532997
-0.533255
-0.533512
-0.533769
-0.534027
-0.534284
-0.534542
-0.534799
-0.535056
-0.535314
-0.535571
-0.535828
-0.536086
-0.536343
-0.5366
-0.536857
-0.537114
-0.537371
-0.537629
-0.537886
-0.538143
-0.5384
-0.538657
-0.538914
-0.539171
-0.539427
-0.539684
-0.539941
-0.540198
-0.540455
-0.540712
-0.540968
-0.541225
-0.541482
-0.541739
-0.541995
-0.542252
-0.542508
-0.542765
-0.543022
-0.543278
-0.543535
-0.543791
-0.544048
-0.544304
-0.54456
-0.544817
-0.545073
-0.545329
-0.545586
-0.545842
-0.546098
-0.546354
-0.546611
-0.546867
-0.547123
-0.547379
-0.547635
-0.547891
-0.548147
-0.548403
-0.548659
-0.548915
-0.549171
-0.549427
-0.549683
-0.549939
-0.550194
-0.55045
-0.550706
-0.550962
-0.551217
-0.551473
-0.551729
-0.551984
-0.55224
-0.552496
-0.552751
-0.553007
-0.553262
-0.553518
-0.553773
-0.554029
-0.554284
-0.554539
-0.554795
-0.55505
-0.555305
-0.555561
-0.555816
-0.556071
-0.556326
-0.556581
-0.556837
-0.557092
-0.557347
-0.557602
-0.557857
-0.558112
-0.558367
-0.558622
-0.558877
-0.559132
-0.559386
-0.559641
-0.559896
-0.560151
-0.560406
-0.56066
-0.560915
-0.56117
-0.561424
-0.561679
-0.561934
-0.562188
-0.562443
-0.562697
-0.562952
-0.563206
-0.563461
-0.563715
-0.563969
-0.564224
-0.564478
-0.564732
-0.564987
-0.565241
-0.565495
-0.565749
-0.566003
-0.566258
-0.566512
-0.566766
-0.56702
-0.567274
-0.567528
-0.567782
-0.568036
-0.56829
-0.568544
-0.568797
-0.569051
-0.569305
-0.569559
-0.569813
-0.570066
-0.57032
-0.570574
-0.570827
-0.571081
-0.571335
-0.571588
-0.571842
-0.572095
-0.572349
-0.572602
-0.572856
-0.573109
-0.573362
-0.573616
-0.573869
-0.574122
-0.574375
-0.574629
-0.574882
-0.575135
-0.575388
-0.575641
-0.575894
-0.576148
-0.576401
-0.576654
-0.576907
-0.57716
-0.577412
-0.577665
-0.577918
-0.578171
-0.578424
-0.578677
-0.578929
-0.579182
-0.579435
-0.579688
-0.57994
-0.580193
-0.580445
-0.580698
-0.58095
-0.581203
-0.581455
-0.581708
-0.58196
-0.582213
-0.582465
-0.582717
-0.58297
-0.583222
-0.583474
-0.583727
-0.583979
-0.584231
-0.584483
-0.584735
-0.584987
-0.585239
-0.585491
-0.585743
-0.585995
-0.586247
-0.586499
-0.586751
-0.587003
-0.587255
-0.587507
-0.587758
-0.58801
-0.588262
-0.588513
-0.588765
-0.589017
-0.589268
-0.58952
-0.589771
-0.590023
-0.590274
-0.590526
-0.590777
-0.591029
-0.59128
-0.591532
-0.591783
-0.592034
-0.592285
-0.592537
-0.592788
-0.593039
-0.59329
-0.593541
-0.593792
-0.594043
-0.594294
-0.594545
-0.594796
-0.595047
-0.595298
-0.595549
-0.5958
-0.596051
-0.596302
-0.596552
-0.596803
-0.597054
-0.597305
-0.597555
-0.597806
-0.598056
-0.598307
-0.598558
-0.598808
-0.599059
-0.599309
-0.599559
-0.59981
-0.60006
-0.600311
-0.600561
-0.600811
-0.601061
-0.601312
-0.601562
-0.601812
-0.602062
-0.602312
-0.602562
-0.602812
-0.603062
-0.603312
-0.603562
-0.603812
-0.604062
-0.604312
-0.604562
-0.604812
-0.605061
-0.605311
-0.605561
-0.605811
-0.60606
-0.60631
-0.606559
-0.606809
-0.607059
-0.607308
-0.607558
-0.607807
-0.608056
-0.608306
-0.608555
-0.608805
-0.609054
-0.609303
-0.609552
-0.609802
-0.610051
-0.6103
-0.610549
-0.610798
-0.611047
-0.611296
-0.611545
-0.611794
-0.612043
-0.612292
-0.612541
-0.61279
-0.613039
-0.613288
-0.613536
-0.613785
-0.614034
-0.614282
-0.614531
-0.61478
-0.615028
-0.615277
-0.615525
-0.615774
-0.616022
-0.616271
-0.616519
-0.616768
-0.617016
-0.617264
-0.617513
-0.617761
-0.618009
-0.618257
-0.618505
-0.618754
-0.619002
-0.61925
-0.619498
-0.619746
-0.619994
-0.620242
-0.62049
-0.620738
-0.620985
-0.621233
-0.621481
-0.621729
-0.621977
-0.622224
-0.622472
-0.62272
-0.622967
-0.623215
-0.623463
-0.62371
-0.623958
-0.624205
-0.624452
-0.6247
-0.624947
-0.625195
-0.625442
-0.625689
-0.625936
-0.626184
-0.626431
-0.626678
-0.626925
-0.627172
-0.627419
-0.627666
-0.627913
-0.62816
-0.628407
-0.628654
-0.628901
-0.629148
-0.629395
-0.629642
-0.629888
-0.630135
-0.630382
-0.630629
-0.630875
-0.631122
-0.631368
-0.631615
-0.631862
-0.632108
-0.632354
-0.632601
-0.632847
-0.633094
-0.63334
-0.633586
-0.633833
-0.634079
-0.634325
-0.634571
-0.634817
-0.635063
-0.63531
-0.635556
-0.635802
-0.636048
-0.636294
-0.63654
-0.636785
-0.637031
-0.637277
-0.637523
-0.637769
-0.638014
-0.63826
-0.638506
-0.638751
-0.638997
-0.639243
-0.639488
-0.639734
-0.639979
-0.640225
-0.64047
-0.640716
-0.640961
-0.641206
-0.641452
-0.641697
-0.641942
-0.642187
-0.642432
-0.642678
-0.642923
-0.643168
-0.643413
-0.643658
-0.643903
-0.644148
-0.644393
-0.644638
-0.644882
-0.645127
-0.645372
-0.645617
-0.645862
-0.646106
-0.646351
-0.646596
-0.64684
-0.647085
-0.647329
-0.647574
-0.647818
-0.648063
-0.648307
-0.648552
-0.648796
-0.64904
-0.649284
-0.649529
-0.649773
-0.650017
-0.650261
-0.650505
-0.650749
-0.650994
-0.651238
-0.651482
-0.651726
-0.651969
-0.652213
-0.652457
-0.652701
-0.652945
-0.653189
-0.653432
-0.653676
-0.65392
-0.654163
-0.654407
-0.654651
-0.654894
-0.655138
-0.655381
-0.655625
-0.655868
-0.656111
-0.656355
-0.656598
-0.656841
-0.657085
-0.657328
-0.657571
-0.657814
-0.658057
-0.6583
-0.658543
-0.658786
-0.659029
-0.659272
-0.659515
-0.659758
-0.660001
-0.660244
-0.660487
-0.660729
-0.660972
-0.661215
-0.661458
-0.6617
-0.661943
-0.662185
-0.662428
-0.66267
-0.662913
-0.663155
-0.663398
-0.66364
-0.663882
-0.664125
-0.664367
-0.664609
-0.664851
-0.665094
-0.665336
-0.665578
-0.66582
-0.666062
-0.666304
-0.666546
-0.666788
-0.66703
-0.667272
-0.667514
-0.667755
-0.667997
-0.668239
-0.668481
-0.668722
-0.668964
-0.669206
-0.669447
-0.669689
-0.66993
-0.670172
-0.670413
-0.670654
-0.670896
-0.671137
-0.671379
-0.67162
-0.671861
-0.672102
-0.672343
-0.672585
-0.672826
-0.673067
-0.673308
-0.673549
-0.67379
-0.674031
-0.674272
-0.674513
-0.674753
-0.674994
-0.675235
-0.675476
-0.675716
-0.675957
-0.676198
-0.676438
-0.676679
-0.676919
-0.67716
-0.6774
-0.677641
-0.677881
-0.678122
-0.678362
-0.678602
-0.678843
-0.679083
-0.679323
-0.679563
-0.679803
-0.680043
-0.680283
-0.680523
-0.680763
-0.681003
-0.681243
-0.681483
-0.681723
-0.681963
-0.682203
-0.682442
-0.682682
-0.682922
-0.683162
-0.683401
-0.683641
-0.68388
-0.68412
-0.684359
-0.684599
-0.684838
-0.685078
-0.685317
-0.685556
-0.685796
-0.686035
-0.686274
-0.686513
-0.686752
-0.686991
-0.687231
-0.68747
-0.687709
-0.687948
-0.688186
-0.688425
-0.688664
-0.688903
-0.689142
-0.689381
-0.689619
-0.689858
-0.690097
-0.690335
-0.690574
-0.690813
-0.691051
-0.69129
-0.691528
-0.691766
-0.692005
-0.692243
-0.692481
-0.69272
-0.692958
-0.693196
-0.693434
-0.693673
-0.693911
-0.694149
-0.694387
-0.694625
-0.694863
-0.695101
-0.695339
-0.695576
-0.695814
-0.696052
-0.69629
-0.696527
-0.696765
-0.697003
-0.69724
-0.697478
-0.697716
-0.697953
-0.698191
-0.698428
-0.698665
-0.698903
-0.69914
-0.699377
-0.699615
-0.699852
-0.700089
-0.700326
-0.700563
-0.700801
-0.701038
-0.701275
-0.701512
-0.701749
-0.701985
-0.702222
-0.702459
-0.702696
-0.702933
-0.70317
-0.703406
-0.703643
-0.70388
-0.704116
-0.704353
-0.704589
-0.704826
-0.705062
-0.705299
-0.705535
-0.705771
-0.706008
-0.706244
-0.70648
-0.706716
-0.706953
-0.707189
-0.707425
-0.707661
-0.707897
-0.708133
-0.708369
-0.708605
-0.708841
-0.709076
-0.709312
-0.709548
-0.709784
-0.71002
-0.710255
-0.710491
-0.710726
-0.710962
-0.711198
-0.711433
-0.711668
-0.711904
-0.712139
-0.712375
-0.71261
-0.712845
-0.71308
-0.713316
-0.713551
-0.713786
-0.714021
-0.714256
-0.714491
-0.714726
-0.714961
-0.715196
-0.715431
-0.715666
-0.715901
-0.716135
-0.71637
-0.716605
-0.716839
-0.717074
-0.717309
-0.717543
-0.717778
-0.718012
-0.718247
-0.718481
-0.718715
-0.71895
-0.719184
-0.719418
-0.719652
-0.719887
-0.720121
-0.720355
-0.720589
-0.720823
-0.721057
-0.721291
-0.721525
-0.721759
-0.721993
-0.722227
-0.72246
-0.722694
-0.722928
-0.723161
-0.723395
-0.723629
-0.723862
-0.724096
-0.724329
-0.724563
-0.724796
-0.72503
-0.725263
-0.725496
-0.725729
-0.725963
-0.726196
-0.726429
-0.726662
-0.726895
-0.727128
-0.727361
-0.727594
-0.727827
-0.72806
-0.728293
-0.728526
-0.728759
-0.728991
-0.729224
-0.729457
-0.729689
-0.729922
-0.730155
-0.730387
-0.73062
-0.730852
-0.731085
-0.731317
-0.731549
-0.731782
-0.732014
-0.732246
-0.732478
-0.73271
-0.732943
-0.733175
-0.733407
-0.733639
-0.733871
-0.734103
-0.734335
-0.734566
-0.734798
-0.73503
-0.735262
-0.735493
-0.735725
-0.735957
-0.736188
-0.73642
-0.736651
-0.736883
-0.737114
-0.737346
-0.737577
-0.737809
-0.73804
-0.738271
-0.738502
-0.738733
-0.738965
-0.739196
-0.739427
-0.739658
-0.739889
-0.74012
-0.740351
-0.740582
-0.740812
-0.741043
-0.741274
-0.741505
-0.741735
-0.741966
-0.742197
-0.742427
-0.742658
-0.742888
-0.743119
-0.743349
-0.74358
-0.74381
-0.74404
-0.744271
-0.744501
-0.744731
-0.744961
-0.745191
-0.745421
-0.745651
-0.745881
-0.746111
-0.746341
-0.746571
-0.746801
-0.747031
-0.747261
-0.74749
-0.74772
-0.74795
-0.748179
-0.748409
-0.748639
-0.748868
-0.749098
-0.749327
-0.749556
-0.749786
-0.750015
-0.750244
-0.750474
-0.750703
-0.750932
-0.751161
-0.75139
-0.751619
-0.751848
-0.752077
-0.752306
-0.752535
-0.752764
-0.752993
-0.753221
-0.75345
-0.753679
-0.753908
-0.754136
-0.754365
-0.754593
-0.754822
-0.75505
-0.755279
-0.755507
-0.755735
-0.755964
-0.756192
-0.75642
-0.756648
-0.756877
-0.757105
-0.757333
-0.757561
-0.757789
-0.758017
-0.758245
-0.758473
-0.7587
-0.758928
-0.759156
-0.759384
-0.759611
-0.759839
-0.760067
-0.760294
-0.760522
-0.760749
-0.760977
-0.761204
-0.761431
-0.761659
-0.761886
-0.762113
-0.762341
-0.762568
-0.762795
-0.763022
-0.763249
-0.763476
-0.763703
-0.76393
-0.764157
-0.764384
-0.764611
-0.764837
-0.765064
-0.765291
-0.765517
-0.765744
-0.765971
-0.766197
-0.766424
-0.76665
-0.766877
-0.767103
-0.767329
-0.767556
-0.767782
-0.768008
-0.768234
-0.76846
-0.768687
-0.768913
-0.769139
-0.769365
-0.769591
-0.769817
-0.770042
-0.770268
-0.770494
-0.77072
-0.770945
-0.771171
-0.771397
-0.771622
-0.771848
-0.772073
-0.772299
-0.772524
-0.77275
-0.772975
-0.7732
-0.773426
-0.773651
-0.773876
-0.774101
-0.774326
-0.774551
-0.774776
-0.775001
-0.775226
-0.775451
-0.775676
-0.775901
-0.776126
-0.776351
-0.776575
-0.7768
-0.777025
-0.777249
-0.777474
-0.777698
-0.777923
-0.778147
-0.778371
-0.778596
-0.77882
-0.779044
-0.779269
-0.779493
-0.779717
-0.779941
-0.780165
-0.780389
-0.780613
-0.780837
-0.781061
-0.781285
-0.781509
-0.781732
-0.781956
-0.78218
-0.782403
-0.782627
-0.782851
-0.783074
-0.783298
-0.783521
-0.783744
-0.783968
-0.784191
-0.784414
-0.784638
-0.784861
-0.785084
-0.785307
-0.78553
-0.785753
-0.785976
-0.786199
-0.786422
-0.786645
-0.786868
-0.787091
-0.787313
-0.787536
-0.787759
-0.787981
-0.788204
-0.788427
-0.788649
-0.788872
-0.789094
-0.789316
-0.789539
-0.789761
-0.789983
-0.790205
-0.790428
-0.79065
-0.790872
-0.791094
-0.791316
-0.791538
-0.79176
-0.791982
-0.792203
-0.792425
-0.792647
-0.792869
-0.79309
-0.793312
-0.793534
-0.793755
-0.793977
-0.794198
-0.79442
-0.794641
-0.794862
-0.795084
-0.795305
-0.795526
-0.795747
-0.795968
-0.79619
-0.796411
-0.796632
-0.796853
-0.797074
-0.797294
-0.797515
-0.797736
-0.797957
-0.798178
-0.798398
-0.798619
-0.798839
-0.79906
-0.799281
-0.799501
-0.799721
-0.799942
-0.800162
-0.800382
-0.800603
-0.800823
-0.801043
-0.801263
-0.801483
-0.801703
-0.801923
-0.802143
-0.802363
-0.802583
-0.802803
-0.803023
-0.803242
-0.803462
-0.803682
-0.803901
-0.804121
-0.804341
-0.80456
-0.80478
-0.804999
-0.805218
-0.805438
-0.805657
-0.805876
-0.806095
-0.806315
-0.806534
-0.806753
-0.806972
-0.807191
-0.80741
-0.807629
-0.807847
-0.808066
-0.808285
-0.808504
-0.808722
-0.808941
-0.80916
-0.809378
-0.809597
-0.809815
-0.810034
-0.810252
-0.81047
-0.810689
-0.810907
-0.811125
-0.811343
-0.811561
-0.81178
-0.811998
-0.812216
-0.812434
-0.812651
-0.812869
-0.813087
-0.813305
-0.813523
-0.81374
-0.813958
-0.814176
-0.814393
-0.814611
-0.814828
-0.815046
-0.815263
-0.81548
-0.815698
-0.815915
-0.816132
-0.816349
-0.816567
-0.816784
-0.817001
-0.817218
-0.817435
-0.817652
-0.817869
-0.818085
-0.818302
-0.818519
-0.818736
-0.818952
-0.819169
-0.819386
-0.819602
-0.819819
-0.820035
-0.820251
-0.820468
-0.820684
-0.8209
-0.821117
-0.821333
-0.821549
-0.821765
-0.821981
-0.822197
-0.822413
-0.822629
-0.822845
-0.823061
-0.823276
-0.823492
-0.823708
-0.823924
-0.824139
-0.824355
-0.82457
-0.824786
-0.825001
-0.825217
-0.825432
-0.825647
-0.825863
-0.826078
-0.826293
-0.826508
-0.826723
-0.826938
-0.827153
-0.827368
-0.827583
-0.827798
-0.828013
-0.828228
-0.828442
-0.828657
-0.828872
-0.829086
-0.829301
-0.829515
-0.82973
-0.829944
-0.830159
-0.830373
-0.830587
-0.830801
-0.831016
-0.83123
-0.831444
-0.831658
-0.831872
-0.832086
-0.8323
-0.832514
-0.832728
-0.832942
-0.833155
-0.833369
-0.833583
-0.833796
-0.83401
-0.834223
-0.834437
-0.83465
-0.834864
-0.835077
-0.83529
-0.835504
-0.835717
-0.83593
-0.836143
-0.836356
-0.836569
-0.836782
-0.836995
-0.837208
-0.837421
-0.837634
-0.837847
-0.838059
-0.838272
-0.838485
-0.838697
-0.83891
-0.839122
-0.839335
-0.839547
-0.83976
-0.839972
-0.840184
-0.840396
-0.840609
-0.840821
-0.841033
-0.841245
-0.841457
-0.841669
-0.841881
-0.842093
-0.842305
-0.842516
-0.842728
-0.84294
-0.843151
-0.843363
-0.843575
-0.843786
-0.843998
-0.844209
-0.84442
-0.844632
-0.844843
-0.845054
-0.845265
-0.845477
-0.845688
-0.845899
-0.84611
-0.846321
-0.846532
-0.846743
-0.846953
-0.847164
-0.847375
-0.847586
-0.847796
-0.848007
-0.848217
-0.848428
-0.848638
-0.848849
-0.849059
-0.849269
-0.84948
-0.84969
-0.8499
-0.85011
-0.85032
-0.85053
-0.85074
-0.85095
-0.85116
-0.85137
-0.85158
-0.85179
-0.852
-0.852209
-0.852419
-0.852628
-0.852838
-0.853047
-0.853257
-0.853466
-0.853676
-0.853885
-0.854094
-0.854303
-0.854513
-0.854722
-0.854931
-0.85514
-0.855349
-0.855558
-0.855767
-0.855976
-0.856184
-0.856393
-0.856602
-0.856811
-0.857019
-0.857228
-0.857436
-0.857645
-0.857853
-0.858062
-0.85827
-0.858478
-0.858686
-0.858895
-0.859103
-0.859311
-0.859519
-0.859727
-0.859935
-0.860143
-0.860351
-0.860559
-0.860766
-0.860974
-0.861182
-0.861389
-0.861597
-0.861805
-0.862012
-0.86222
-0.862427
-0.862634
-0.862842
-0.863049
-0.863256
-0.863463
-0.86367
-0.863877
-0.864084
-0.864291
-0.864498
-0.864705
-0.864912
-0.865119
-0.865326
-0.865532
-0.865739
-0.865946
-0.866152
-0.866359
-0.866565
-0.866772
-0.866978
-0.867184
-0.867391
-0.867597
-0.867803
-0.868009
-0.868215
-0.868421
-0.868627
-0.868833
-0.869039
-0.869245
-0.869451
-0.869656
-0.869862
-0.870068
-0.870273
-0.870479
-0.870685
-0.87089
-0.871095
-0.871301
-0.871506
-0.871711
-0.871917
-0.872122
-0.872327
-0.872532
-0.872737
-0.872942
-0.873147
-0.873352
-0.873557
-0.873762
-0.873966
-0.874171
-0.874376
-0.87458
-0.874785
-0.874989
-0.875194
-0.875398
-0.875603
-0.875807
-0.876011
-0.876215
-0.87642
-0.876624
-0.876828
-0.877032
-0.877236
-0.87744
-0.877644
-0.877848
-0.878051
-0.878255
-0.878459
-0.878662
-0.878866
-0.87907
-0.879273
-0.879477
-0.87968
-0.879883
-0.880087
-0.88029
-0.880493
-0.880696
-0.880899
-0.881102
-0.881306
-0.881508
-0.881711
-0.881914
-0.882117
-0.88232
-0.882523
-0.882725
-0.882928
-0.883131
-0.883333
-0.883536
-0.883738
-0.88394
-0.884143
-0.884345
-0.884547
-0.884749
-0.884952
-0.885154
-0.885356
-0.885558
-0.88576
-0.885962
-0.886163
-0.886365
-0.886567
-0.886769
-0.88697
-0.887172
-0.887374
-0.887575
-0.887776
-0.887978
-0.888179
-0.888381
-0.888582
-0.888783
-0.888984
-0.889185
-0.889386
-0.889587
-0.889788
-0.889989
-0.89019
-0.890391
-0.890592
-0.890793
-0.890993
-0.891194
-0.891394
-0.891595
-0.891795
-0.891996
-0.892196
-0.892397
-0.892597
-0.892797
-0.892997
-0.893197
-0.893397
-0.893597
-0.893797
-0.893997
-0.894197
-0.894397
-0.894597
-0.894797
-0.894996
-0.895196
-0.895396
-0.895595
-0.895795
-0.895994
-0.896193
-0.896393
-0.896592
-0.896791
-0.89699
-0.89719
-0.897389
-0.897588
-0.897787
-0.897986
-0.898185
-0.898383
-0.898582
-0.898781
-0.89898
-0.899178
-0.899377
-0.899575
-0.899774
-0.899972
-0.900171
-0.900369
-0.900567
-0.900766
-0.900964
-0.901162
-0.90136
-0.901558
-0.901756
-0.901954
-0.902152
-0.90235
-0.902547
-0.902745
-0.902943
-0.90314
-0.903338
-0.903536
-0.903733
-0.903931
-0.904128
-0.904325
-0.904523
-0.90472
-0.904917
-0.905114
-0.905311
-0.905508
-0.905705
-0.905902
-0.906099
-0.906296
-0.906493
-0.906689
-0.906886
-0.907083
-0.907279
-0.907476
-0.907672
-0.907869
-0.908065
-0.908261
-0.908458
-0.908654
-0.90885
-0.909046
-0.909242
-0.909438
-0.909634
-0.90983
-0.910026
-0.910222
-0.910417
-0.910613
-0.910809
-0.911004
-0.9112
-0.911395
-0.911591
-0.911786
-0.911982
-0.912177
-0.912372
-0.912567
-0.912763
-0.912958
-0.913153
-0.913348
-0.913543
-0.913738
-0.913932
-0.914127
-0.914322
-0.914517
-0.914711
-0.914906
-0.9151
-0.915295
-0.915489
-0.915684
-0.915878
-0.916072
-0.916266
-0.916461
-0.916655
-0.916849
-0.917043
-0.917237
-0.917431
-0.917625
-0.917818
-0.918012
-0.918206
-0.918399
-0.918593
-0.918787
-0.91898
-0.919174
-0.919367
-0.91956
-0.919754
-0.919947
-0.92014
-0.920333
-0.920526
-0.920719
-0.920912
-0.921105
-0.921298
-0.921491
-0.921684
-0.921876
-0.922069
-0.922262
-0.922454
-0.922647
-0.922839
-0.923032
-0.923224
-0.923416
-0.923608
-0.923801
-0.923993
-0.924185
-0.924377
-0.924569
-0.924761
-0.924953
-0.925145
-0.925336
-0.925528
-0.92572
-0.925911
-0.926103
-0.926294
-0.926486
-0.926677
-0.926869
-0.92706
-0.927251
-0.927442
-0.927634
-0.927825
-0.928016
-0.928207
-0.928398
-0.928589
-0.928779
-0.92897
-0.929161
-0.929352
-0.929542
-0.929733
-0.929923
-0.930114
-0.930304
-0.930495
-0.930685
-0.930875
-0.931065
-0.931255
-0.931446
-0.931636
-0.931826
-0.932016
-0.932205
-0.932395
-0.932585
-0.932775
-0.932964
-0.933154
-0.933344
-0.933533
-0.933723
-0.933912
-0.934101
-0.934291
-0.93448
-0.934669
-0.934858
-0.935047
-0.935236
-0.935425
-0.935614
-0.935803
-0.935992
-0.936181
-0.936369
-0.936558
-0.936747
-0.936935
-0.937124
-0.937312
-0.9375
-0.937689
-0.937877
-0.938065
-0.938253
-0.938442
-0.93863
-0.938818
-0.939006
-0.939194
-0.939381
-0.939569
-0.939757
-0.939945
-0.940132
-0.94032
-0.940507
-0.940695
-0.940882
-0.94107
-0.941257
-0.941444
-0.941631
-0.941819
-0.942006
-0.942193
-0.94238
-0.942567
-0.942754
-0.94294
-0.943127
-0.943314
-0.943501
-0.943687
-0.943874
-0.94406
-0.944247
-0.944433
-0.944619
-0.944806
-0.944992
-0.945178
-0.945364
-0.94555
-0.945736
-0.945922
-0.946108
-0.946294
-0.94648
-0.946666
-0.946851
-0.947037
-0.947222
-0.947408
-0.947593
-0.947779
-0.947964
-0.94815
-0.948335
-0.94852
-0.948705
-0.94889
-0.949075
-0.94926
-0.949445
-0.94963
-0.949815
-0.95
-0.950184
-0.950369
-0.950554
-0.950738
-0.950923
-0.951107
-0.951291
-0.951476
-0.95166
-0.951844
-0.952028
-0.952213
-0.952397
-0.952581
-0.952764
-0.952948
-0.953132
-0.953316
-0.9535
-0.953683
-0.953867
-0.954051
-0.954234
-0.954417
-0.954601
-0.954784
-0.954967
-0.955151
-0.955334
-0.955517
-0.9557
-0.955883
-0.956066
-0.956249
-0.956432
-0.956614
-0.956797
-0.95698
-0.957162
-0.957345
-0.957527
-0.95771
-0.957892
-0.958075
-0.958257
-0.958439
-0.958621
-0.958803
-0.958985
-0.959167
-0.959349
-0.959531
-0.959713
-0.959895
-0.960077
-0.960258
-0.96044
-0.960621
-0.960803
-0.960984
-0.961166
-0.961347
-0.961528
-0.96171
-0.961891
-0.962072
-0.962253
-0.962434
-0.962615
-0.962796
-0.962977
-0.963157
-0.963338
-0.963519
-0.963699
-0.96388
-0.96406
-0.964241
-0.964421
-0.964601
-0.964782
-0.964962
-0.965142
-0.965322
-0.965502
-0.965682
-0.965862
-0.966042
-0.966222
-0.966402
-0.966581
-0.966761
-0.966941
-0.96712
-0.9673
-0.967479
-0.967658
-0.967838
-0.968017
-0.968196
-0.968375
-0.968554
-0.968733
-0.968912
-0.969091
-0.96927
-0.969449
-0.969628
-0.969806
-0.969985
-0.970163
-0.970342
-0.97052
-0.970699
-0.970877
-0.971055
-0.971234
-0.971412
-0.97159
-0.971768
-0.971946
-0.972124
-0.972302
-0.97248
-0.972657
-0.972835
-0.973013
-0.97319
-0.973368
-0.973545
-0.973723
-0.9739
-0.974078
-0.974255
-0.974432
-0.974609
-0.974786
-0.974963
-0.97514
-0.975317
-0.975494
-0.975671
-0.975848
-0.976024
-0.976201
-0.976377
-0.976554
-0.97673
-0.976907
-0.977083
-0.977259
-0.977436
-0.977612
-0.977788
-0.977964
-0.97814
-0.978316
-0.978492
-0.978668
-0.978843
-0.979019
-0.979195
-0.97937
-0.979546
-0.979721
-0.979897
-0.980072
-0.980247
-0.980423
-0.980598
-0.980773
-0.980948
-0.981123
-0.981298
-0.981473
-0.981648
-0.981822
-0.981997
-0.982172
-0.982346
-0.982521
-0.982695
-0.98287
-0.983044
-0.983218
-0.983393
-0.983567
-0.983741
-0.983915
-0.984089
-0.984263
-0.984437
-0.984611
-0.984785
-0.984958
-0.985132
-0.985306
-0.985479
-0.985653
-0.985826
-0.986
-0.986173
-0.986346
-0.986519
-0.986692
-0.986866
-0.987039
-0.987212
-0.987384
-0.987557
-0.98773
-0.987903
-0.988075
-0.988248
-0.988421
-0.988593
-0.988766
-0.988938
-0.98911
-0.989283
-0.989455
-0.989627
-0.989799
-0.989971
-0.990143
-0.990315
-0.990487
-0.990659
-0.99083
-0.991002
-0.991174
-0.991345
-0.991517
-0.991688
-0.991859
-0.992031
-0.992202
-0.992373
-0.992544
-0.992715
-0.992886
-0.993057
-0.993228
-0.993399
-0.99357
-0.993741
-0.993911
-0.994082
-0.994252
-0.994423
-0.994593
-0.994764
-0.994934
-0.995104
-0.995274
-0.995445
-0.995615
-0.995785
-0.995955
-0.996125
-0.996294
-0.996464
-0.996634
-0.996803
-0.996973
-0.997143
-0.997312
-0.997482
-0.997651
-0.99782
-0.997989
-0.998159
-0.998328
-0.998497
-0.998666
-0.998835
-0.999004
-0.999172
-0.999341
-0.99951
-0.999678
-0.999847
-1.00002
-1.00018
-1.00035
-1.00052
-1.00069
-1.00086
-1.00103
-1.00119
-1.00136
-1.00153
-1.0017
-1.00187
-1.00203
-1.0022
-1.00237
-1.00254
-1.0027
-1.00287
-1.00304
-1.00321
-1.00337
-1.00354
-1.00371
-1.00387
-1.00404
-1.00421
-1.00438
-1.00454
-1.00471
-1.00488
-1.00504
-1.00521
-1.00538
-1.00554
-1.00571
-1.00588
-1.00604
-1.00621
-1.00637
-1.00654
-1.00671
-1.00687
-1.00704
-1.0072
-1.00737
-1.00754
-1.0077
-1.00787
-1.00803
-1.0082
-1.00836
-1.00853
-1.00869
-1.00886
-1.00903
-1.00919
-1.00936
-1.00952
-1.00969
-1.00985
-1.01002
-1.01018
-1.01035
-1.01051
-1.01067
-1.01084
-1.011
-1.01117
-1.01133
-1.0115
-1.01166
-1.01183
-1.01199
-1.01215
-1.01232
-1.01248
-1.01265
-1.01281
-1.01297
-1.01314
-1.0133
-1.01346
-1.01363
-1.01379
-1.01395
-1.01412
-1.01428
-1.01444
-1.01461
-1.01477
-1.01493
-1.0151
-1.01526
-1.01542
-1.01558
-1.01575
-1.01591
-1.01607
-1.01624
-1.0164
-1.01656
-1.01672
-1.01688
-1.01705
-1.01721
-1.01737
-1.01753
-1.0177
-1.01786
-1.01802
-1.01818
-1.01834
-1.0185
-1.01867
-1.01883
-1.01899
-1.01915
-1.01931
-1.01947
-1.01963
-1.0198
-1.01996
-1.02012
-1.02028
-1.02044
-1.0206
-1.02076
-1.02092
-1.02108
-1.02124
-1.0214
-1.02156
-1.02172
-1.02188
-1.02204
-1.02221
-1.02237
-1.02253
-1.02269
-1.02285
-1.02301
-1.02317
-1.02332
-1.02348
-1.02364
-1.0238
-1.02396
-1.02412
-1.02428
-1.02444
-1.0246
-1.02476
-1.02492
-1.02508
-1.02524
-1.0254
-1.02556
-1.02571
-1.02587
-1.02603
-1.02619
-1.02635
-1.02651
-1.02667
-1.02682
-1.02698
-1.02714
-1.0273
-1.02746
-1.02762
-1.02777
-1.02793
-1.02809
-1.02825
-1.0284
-1.02856
-1.02872
-1.02888
-1.02903
-1.02919
-1.02935
-1.02951
-1.02966
-1.02982
-1.02998
-1.03014
-1.03029
-1.03045
-1.03061
-1.03076
-1.03092
-1.03108
-1.03123
-1.03139
-1.03155
-1.0317
-1.03186
-1.03202
-1.03217
-1.03233
-1.03248
-1.03264
-1.0328
-1.03295
-1.03311
-1.03326
-1.03342
-1.03357
-1.03373
-1.03389
-1.03404
-1.0342
-1.03435
-1.03451
-1.03466
-1.03482
-1.03497
-1.03513
-1.03528
-1.03544
-1.03559
-1.03575
-1.0359
-1.03606
-1.03621
-1.03637
-1.03652
-1.03667
-1.03683
-1.03698
-1.03714
-1.03729
-1.03745
-1.0376
-1.03775
-1.03791
-1.03806
-1.03821
-1.03837
-1.03852
-1.03868
-1.03883
-1.03898
-1.03914
-1.03929
-1.03944
-1.03959
-1.03975
-1.0399
-1.04005
-1.04021
-1.04036
-1.04051
-1.04067
-1.04082
-1.04097
-1.04112
-1.04128
-1.04143
-1.04158
-1.04173
-1.04188
-1.04204
-1.04219
-1.04234
-1.04249
-1.04264
-1.0428
-1.04295
-1.0431
-1.04325
-1.0434
-1.04355
-1.0437
-1.04386
-1.04401
-1.04416
-1.04431
-1.04446
-1.04461
-1.04476
-1.04491
-1.04506
-1.04522
-1.04537
-1.04552
-1.04567
-1.04582
-1.04597
-1.04612
-1.04627
-1.04642
-1.04657
-1.04672
-1.04687
-1.04702
-1.04717
-1.04732
-1.04747
-1.04762
-1.04777
-1.04792
-1.04807
-1.04822
-1.04836
-1.04851
-1.04866
-1.04881
-1.04896
-1.04911
-1.04926
-1.04941
-1.04956
-1.04971
-1.04985
-1.05
-1.05015
-1.0503
-1.05045
-1.0506
-1.05075
-1.05089
-1.05104
-1.05119
-1.05134
-1.05149
-1.05163
-1.05178
-1.05193
-1.05208
-1.05222
-1.05237
-1.05252
-1.05267
-1.05281
-1.05296
-1.05311
-1.05326
-1.0534
-1.05355
-1.0537
-1.05384
-1.05399
-1.05414
-1.05428
-1.05443
-1.05458
-1.05472
-1.05487
-1.05502
-1.05516
-1.05531
-1.05545
-1.0556
-1.05575
-1.05589
-1.05604
-1.05618
-1.05633
-1.05648
-1.05662
-1.05677
-1.05691
-1.05706
-1.0572
-1.05735
-1.05749
-1.05764
-1.05778
-1.05793
-1.05807
-1.05822
-1.05836
-1.05851
-1.05865
-1.0588
-1.05894
-1.05909
-1.05923
-1.05937
-1.05952
-1.05966
-1.05981
-1.05995
-1.0601
-1.06024
-1.06038
-1.06053
-1.06067
-1.06081
-1.06096
-1.0611
-1.06124
-1.06139
-1.06153
-1.06167
-1.06182
-1.06196
-1.0621
-1.06225
-1.06239
-1.06253
-1.06267
-1.06282
-1.06296
-1.0631
-1.06325
-1.06339
-1.06353
-1.06367
-1.06381
-1.06396
-1.0641
-1.06424
-1.06438
-1.06452
-1.06467
-1.06481
-1.06495
-1.06509
-1.06523
-1.06537
-1.06552
-1.06566
-1.0658
-1.06594
-1.06608
-1.06622
-1.06636
-1.0665
-1.06664
-1.06678
-1.06693
-1.06707
-1.06721
-1.06735
-1.06749
-1.06763
-1.06777
-1.06791
-1.06805
-1.06819
-1.06833
-1.06847
-1.06861
-1.06875
-1.06889
-1.06903
-1.06917
-1.06931
-1.06945
-1.06959
-1.06972
-1.06986
-1.07
-1.07014
-1.07028
-1.07042
-1.07056
-1.0707
-1.07084
-1.07098
-1.07111
-1.07125
-1.07139
-1.07153
-1.07167
-1.07181
-1.07194
-1.07208
-1.07222
-1.07236
-1.0725
-1.07263
-1.07277
-1.07291
-1.07305
-1.07319
-1.07332
-1.07346
-1.0736
-1.07373
-1.07387
-1.07401
-1.07415
-1.07428
-1.07442
-1.07456
-1.07469
-1.07483
-1.07497
-1.0751
-1.07524
-1.07538
-1.07551
-1.07565
-1.07579
-1.07592
-1.07606
-1.07619
-1.07633
-1.07647
-1.0766
-1.07674
-1.07687
-1.07701
-1.07714
-1.07728
-1.07742
-1.07755
-1.07769
-1.07782
-1.07796
-1.07809
-1.07823
-1.07836
-1.0785
-1.07863
-1.07877
-1.0789
-1.07903
-1.07917
-1.0793
-1.07944
-1.07957
-1.07971
-1.07984
-1.07997
-1.08011
-1.08024
-1.08038
-1.08051
-1.08064
-1.08078
-1.08091
-1.08104
-1.08118
-1.08131
-1.08144
-1.08158
-1.08171
-1.08184
-1.08198
-1.08211
-1.08224
-1.08238
-1.08251
-1.08264
-1.08277
-1.08291
-1.08304
-1.08317
-1.0833
-1.08344
-1.08357
-1.0837
-1.08383
-1.08396
-1.0841
-1.08423
-1.08436
-1.08449
-1.08462
-1.08475
-1.08488
-1.08502
-1.08515
-1.08528
-1.08541
-1.08554
-1.08567
-1.0858
-1.08593
-1.08606
-1.0862
-1.08633
-1.08646
-1.08659
-1.08672
-1.08685
-1.08698
-1.08711
-1.08724
-1.08737
-1.0875
-1.08763
-1.08776
-1.08789
-1.08802
-1.08815
-1.08828
-1.08841
-1.08854
-1.08866
-1.08879
-1.08892
-1.08905
-1.08918
-1.08931
-1.08944
-1.08957
-1.0897
-1.08983
-1.08995
-1.09008
-1.09021
-1.09034
-1.09047
-1.0906
-1.09072
-1.09085
-1.09098
-1.09111
-1.09124
-1.09136
-1.09149
-1.09162
-1.09175
-1.09187
-1.092
-1.09213
-1.09226
-1.09238
-1.09251
-1.09264
-1.09277
-1.09289
-1.09302
-1.09315
-1.09327
-1.0934
-1.09353
-1.09365
-1.09378
-1.09391
-1.09403
-1.09416
-1.09428
-1.09441
-1.09454
-1.09466
-1.09479
-1.09491
-1.09504
-1.09516
-1.09529
-1.09542
-1.09554
-1.09567
-1.09579
-1.09592
-1.09604
-1.09617
-1.09629
-1.09642
-1.09654
-1.09667
-1.09679
-1.09692
-1.09704
-1.09716
-1.09729
-1.09741
-1.09754
-1.09766
-1.09779
-1.09791
-1.09803
-1.09816
-1.09828
-1.09841
-1.09853
-1.09865
-1.09878
-1.0989
-1.09902
-1.09915
-1.09927
-1.09939
-1.09952
-1.09964
-1.09976
-1.09988
-1.10001
-1.10013
-1.10025
-1.10037
-1.1005
-1.10062
-1.10074
-1.10086
-1.10099
-1.10111
-1.10123
-1.10135
-1.10147
-1.1016
-1.10172
-1.10184
-1.10196
-1.10208
-1.1022
-1.10232
-1.10245
-1.10257
-1.10269
-1.10281
-1.10293
-1.10305
-1.10317
-1.10329
-1.10341
-1.10353
-1.10365
-1.10377
-1.1039
-1.10402
-1.10414
-1.10426
-1.10438
-1.1045
-1.10462
-1.10474
-1.10486
-1.10498
-1.10509
-1.10521
-1.10533
-1.10545
-1.10557
-1.10569
-1.10581
-1.10593
-1.10605
-1.10617
-1.10629
-1.10641
-1.10652
-1.10664
-1.10676
-1.10688
-1.107
-1.10712
-1.10723
-1.10735
-1.10747
-1.10759
-1.10771
-1.10782
-1.10794
-1.10806
-1.10818
-1.1083
-1.10841
-1.10853
-1.10865
-1.10877
-1.10888
-1.109
-1.10912
-1.10923
-1.10935
-1.10947
-1.10958
-1.1097
-1.10982
-1.10993
-1.11005
-1.11017
-1.11028
-1.1104
-1.11052
-1.11063
-1.11075
-1.11086
-1.11098
-1.11109
-1.11121
-1.11133
-1.11144
-1.11156
-1.11167
-1.11179
-1.1119
-1.11202
-1.11213
-1.11225
-1.11236
-1.11248
-1.11259
-1.11271
-1.11282
-1.11294
-1.11305
-1.11316
-1.11328
-1.11339
-1.11351
-1.11362
-1.11374
-1.11385
-1.11396
-1.11408
-1.11419
-1.1143
-1.11442
-1.11453
-1.11464
-1.11476
-1.11487
-1.11498
-1.1151
-1.11521
-1.11532
-1.11544
-1.11555
-1.11566
-1.11577
-1.11589
-1.116
-1.11611
-1.11622
-1.11634
-1.11645
-1.11656
-1.11667
-1.11678
-1.1169
-1.11701
-1.11712
-1.11723
-1.11734
-1.11745
-1.11757
-1.11768
-1.11779
-1.1179
-1.11801
-1.11812
-1.11823
-1.11834
-1.11845
-1.11856
-1.11867
-1.11879
-1.1189
-1.11901
-1.11912
-1.11923
-1.11934
-1.11945
-1.11956
-1.11967
-1.11978
-1.11989
-1.12
-1.12011
-1.12021
-1.12032
-1.12043
-1.12054
-1.12065
-1.12076
-1.12087
-1.12098
-1.12109
-1.1212
-1.12131
-1.12141
-1.12152
-1.12163
-1.12174
-1.12185
-1.12196
-1.12206
-1.12217
-1.12228
-1.12239
-1.1225
-1.1226
-1.12271
-1.12282
-1.12293
-1.12303
-1.12314
-1.12325
-1.12336
-1.12346
-1.12357
-1.12368
-1.12378
-1.12389
-1.124
-1.1241
-1.12421
-1.12432
-1.12442
-1.12453
-1.12464
-1.12474
-1.12485
-1.12495
-1.12506
-1.12517
-1.12527
-1.12538
-1.12548
-1.12559
-1.12569
-1.1258
-1.12591
-1.12601
-1.12612
-1.12622
-1.12633
-1.12643
-1.12654
-1.12664
-1.12674
-1.12685
-1.12695
-1.12706
-1.12716
-1.12727
-1.12737
-1.12748
-1.12758
-1.12768
-1.12779
-1.12789
-1.12799
-1.1281
-1.1282
-1.12831
-1.12841
-1.12851
-1.12862
-1.12872
-1.12882
-1.12892
-1.12903
-1.12913
-1.12923
-1.12934
-1.12944
-1.12954
-1.12964
-1.12975
-1.12985
-1.12995
-1.13005
-1.13015
-1.13026
-1.13036
-1.13046
-1.13056
-1.13066
-1.13077
-1.13087
-1.13097
-1.13107
-1.13117
-1.13127
-1.13137
-1.13147
-1.13157
-1.13168
-1.13178
-1.13188
-1.13198
-1.13208
-1.13218
-1.13228
-1.13238
-1.13248
-1.13258
-1.13268
-1.13278
-1.13288
-1.13298
-1.13308
-1.13318
-1.13328
-1.13338
-1.13348
-1.13358
-1.13368
-1.13377
-1.13387
-1.13397
-1.13407
-1.13417
-1.13427
-1.13437
-1.13447
-1.13456
-1.13466
-1.13476
-1.13486
-1.13496
-1.13506
-1.13515
-1.13525
-1.13535
-1.13545
-1.13555
-1.13564
-1.13574
-1.13584
-1.13594
-1.13603
-1.13613
-1.13623
-1.13632
-1.13642
-1.13652
-1.13661
-1.13671
-1.13681
-1.1369
-1.137
-1.1371
-1.13719
-1.13729
-1.13739
-1.13748
-1.13758
-1.13767
-1.13777
-1.13786
-1.13796
-1.13806
-1.13815
-1.13825
-1.13834
-1.13844
-1.13853
-1.13863
-1.13872
-1.13882
-1.13891
-1.13901
-1.1391
-1.1392
-1.13929
-1.13938
-1.13948
-1.13957
-1.13967
-1.13976
-1.13986
-1.13995
-1.14004
-1.14014
-1.14023
-1.14032
-1.14042
-1.14051
-1.1406
-1.1407
-1.14079
-1.14088
-1.14098
-1.14107
-1.14116
-1.14126
-1.14135
-1.14144
-1.14153
-1.14163
-1.14172
-1.14181
-1.1419
-1.14199
-1.14209
-1.14218
-1.14227
-1.14236
-1.14245
-1.14254
-1.14264
-1.14273
-1.14282
-1.14291
-1.143
-1.14309
-1.14318
-1.14327
-1.14337
-1.14346
-1.14355
-1.14364
-1.14373
-1.14382
-1.14391
-1.144
-1.14409
-1.14418
-1.14427
-1.14436
-1.14445
-1.14454
-1.14463
-1.14472
-1.14481
-1.1449
-1.14499
-1.14508
-1.14516
-1.14525
-1.14534
-1.14543
-1.14552
-1.14561
-1.1457
-1.14579
-1.14587
-1.14596
-1.14605
-1.14614
-1.14623
-1.14632
-1.1464
-1.14649
-1.14658
-1.14667
-1.14675
-1.14684
-1.14693
-1.14702
-1.1471
-1.14719
-1.14728
-1.14737
-1.14745
-1.14754
-1.14763
-1.14771
-1.1478
-1.14789
-1.14797
-1.14806
-1.14814
-1.14823
-1.14832
-1.1484
-1.14849
-1.14857
-1.14866
-1.14875
-1.14883
-1.14892
-1.149
-1.14909
-1.14917
-1.14926
-1.14934
-1.14943
-1.14951
-1.1496
-1.14968
-1.14977
-1.14985
-1.14994
-1.15002
-1.15011
-1.15019
-1.15027
-1.15036
-1.15044
-1.15053
-1.15061
-1.15069
-1.15078
-1.15086
-1.15094
-1.15103
-1.15111
-1.15119
-1.15128
-1.15136
-1.15144
-1.15153
-1.15161
-1.15169
-1.15177
-1.15186
-1.15194
-1.15202
-1.1521
-1.15219
-1.15227
-1.15235
-1.15243
-1.15251
-1.1526
-1.15268
-1.15276
-1.15284
-1.15292
-1.153
-1.15308
-1.15317
-1.15325
-1.15333
-1.15341
-1.15349
-1.15357
-1.15365
-1.15373
-1.15381
-1.15389
-1.15397
-1.15405
-1.15413
-1.15421
-1.15429
-1.15437
-1.15445
-1.15453
-1.15461
-1.15469
-1.15477
-1.15485
-1.15493
-1.15501
-1.15509
-1.15517
-1.15524
-1.15532
-1.1554
-1.15548
-1.15556
-1.15564
-1.15572
-1.15579
-1.15587
-1.15595
-1.15603
-1.15611
-1.15618
-1.15626
-1.15634
-1.15642
-1.15649
-1.15657
-1.15665
-1.15673
-1.1568
-1.15688
-1.15696
-1.15703
-1.15711
-1.15719
-1.15726
-1.15734
-1.15742
-1.15749
-1.15757
-1.15765
-1.15772
-1.1578
-1.15787
-1.15795
-1.15803
-1.1581
-1.15818
-1.15825
-1.15833
-1.1584
-1.15848
-1.15855
-1.15863
-1.1587
-1.15878
-1.15885
-1.15893
-1.159
-1.15908
-1.15915
-1.15923
-1.1593
-1.15937
-1.15945
-1.15952
-1.1596
-1.15967
-1.15974
-1.15982
-1.15989
-1.15996
-1.16004
-1.16011
-1.16018
-1.16026
-1.16033
-1.1604
-1.16048
-1.16055
-1.16062
-1.16069
-1.16077
-1.16084
-1.16091
-1.16098
-1.16106
-1.16113
-1.1612
-1.16127
-1.16134
-1.16141
-1.16149
-1.16156
-1.16163
-1.1617
-1.16177
-1.16184
-1.16191
-1.16198
-1.16206
-1.16213
-1.1622
-1.16227
-1.16234
-1.16241
-1.16248
-1.16255
-1.16262
-1.16269
-1.16276
-1.16283
-1.1629
-1.16297
-1.16304
-1.16311
-1.16318
-1.16325
-1.16332
-1.16338
-1.16345
-1.16352
-1.16359
-1.16366
-1.16373
-1.1638
-1.16387
-1.16393
-1.164
-1.16407
-1.16414
-1.16421
-1.16428
-1.16434
-1.16441
-1.16448
-1.16455
-1.16461
-1.16468
-1.16475
-1.16482
-1.16488
-1.16495
-1.16502
-1.16508
-1.16515
-1.16522
-1.16528
-1.16535
-1.16542
-1.16548
-1.16555
-1.16562
-1.16568
-1.16575
-1.16581
-1.16588
-1.16595
-1.16601
-1.16608
-1.16614
-1.16621
-1.16627
-1.16634
-1.1664
-1.16647
-1.16653
-1.1666
-1.16666
-1.16673
-1.16679
-1.16686
-1.16692
-1.16699
-1.16705
-1.16711
-1.16718
-1.16724
-1.16731
-1.16737
-1.16743
-1.1675
-1.16756
-1.16762
-1.16769
-1.16775
-1.16781
-1.16788
-1.16794
-1.168
-1.16806
-1.16813
-1.16819
-1.16825
-1.16831
-1.16838
-1.16844
-1.1685
-1.16856
-1.16863
-1.16869
-1.16875
-1.16881
-1.16887
-1.16893
-1.16899
-1.16906
-1.16912
-1.16918
-1.16924
-1.1693
-1.16936
-1.16942
-1.16948
-1.16954
-1.1696
-1.16966
-1.16972
-1.16978
-1.16984
-1.1699
-1.16996
-1.17002
-1.17008
-1.17014
-1.1702
-1.17026
-1.17032
-1.17038
-1.17044
-1.1705
-1.17056
-1.17062
-1.17068
-1.17073
-1.17079
-1.17085
-1.17091
-1.17097
-1.17103
-1.17108
-1.17114
-1.1712
-1.17126
-1.17132
-1.17137
-1.17143
-1.17149
-1.17155
-1.1716
-1.17166
-1.17172
-1.17177
-1.17183
-1.17189
-1.17194
-1.172
-1.17206
-1.17211
-1.17217
-1.17223
-1.17228
-1.17234
-1.1724
-1.17245
-1.17251
-1.17256
-1.17262
-1.17267
-1.17273
-1.17278
-1.17284
-1.17289
-1.17295
-1.173
-1.17306
-1.17311
-1.17317
-1.17322
-1.17328
-1.17333
-1.17339
-1.17344
-1.1735
-1.17355
-1.1736
-1.17366
-1.17371
-1.17376
-1.17382
-1.17387
-1.17392
-1.17398
-1.17403
-1.17408
-1.17414
-1.17419
-1.17424
-1.1743
-1.17435
-1.1744
-1.17445
-1.17451
-1.17456
-1.17461
-1.17466
-1.17471
-1.17477
-1.17482
-1.17487
-1.17492
-1.17497
-1.17502
-1.17507
-1.17513
-1.17518
-1.17523
-1.17528
-1.17533
-1.17538
-1.17543
-1.17548
-1.17553
-1.17558
-1.17563
-1.17568
-1.17573
-1.17578
-1.17583
-1.17588
-1.17593
-1.17598
-1.17603
-1.17608
-1.17613
-1.17618
-1.17623
-1.17628
-1.17633
-1.17637
-1.17642
-1.17647
-1.17652
-1.17657
-1.17662
-1.17666
-1.17671
-1.17676
-1.17681
-1.17686
-1.1769
-1.17695
-1.177
-1.17705
-1.17709
-1.17714
-1.17719
-1.17724
-1.17728
-1.17733
-1.17738
-1.17742
-1.17747
-1.17752
-1.17756
-1.17761
-1.17766
-1.1777
-1.17775
-1.17779
-1.17784
-1.17789
-1.17793
-1.17798
-1.17802
-1.17807
-1.17811
-1.17816
-1.1782
-1.17825
-1.17829
-1.17834
-1.17838
-1.17843
-1.17847
-1.17852
-1.17856
-1.1786
-1.17865
-1.17869
-1.17874
-1.17878
-1.17882
-1.17887
-1.17891
-1.17895
-1.179
-1.17904
-1.17908
-1.17913
-1.17917
-1.17921
-1.17926
-1.1793
-1.17934
-1.17938
-1.17943
-1.17947
-1.17951
-1.17955
-1.17959
-1.17964
-1.17968
-1.17972
-1.17976
-1.1798
-1.17984
-1.17988
-1.17993
-1.17997
-1.18001
-1.18005
-1.18009
-1.18013
-1.18017
-1.18021
-1.18025
-1.18029
-1.18033
-1.18037
-1.18041
-1.18045
-1.18049
-1.18053
-1.18057
-1.18061
-1.18065
-1.18069
-1.18073
-1.18077
-1.18081
-1.18085
-1.18088
-1.18092
-1.18096
-1.181
-1.18104
-1.18108
-1.18112
-1.18115
-1.18119
-1.18123
-1.18127
-1.18131
-1.18134
-1.18138
-1.18142
-1.18146
-1.18149
-1.18153
-1.18157
-1.1816
-1.18164
-1.18168
-1.18171
-1.18175
-1.18179
-1.18182
-1.18186
-1.1819
-1.18193
-1.18197
-1.182
-1.18204
-1.18208
-1.18211
-1.18215
-1.18218
-1.18222
-1.18225
-1.18229
-1.18232
-1.18236
-1.18239
-1.18243
-1.18246
-1.1825
-1.18253
-1.18256
-1.1826
-1.18263
-1.18267
-1.1827
-1.18273
-1.18277
-1.1828
-1.18284
-1.18287
-1.1829
-1.18293
-1.18297
-1.183
-1.18303
-1.18307
-1.1831
-1.18313
-1.18316
-1.1832
-1.18323
-1.18326
-1.18329
-1.18333
-1.18336
-1.18339
-1.18342
-1.18345
-1.18348
-1.18352
-1.18355
-1.18358
-1.18361
-1.18364
-1.18367
-1.1837
-1.18373
-1.18376
-1.18379
-1.18382
-1.18385
-1.18388
-1.18391
-1.18394
-1.18397
-1.184
-1.18403
-1.18406
-1.18409
-1.18412
-1.18415
-1.18418
-1.18421
-1.18424
-1.18427
-1.1843
-1.18432
-1.18435
-1.18438
-1.18441
-1.18444
-1.18447
-1.18449
-1.18452
-1.18455
-1.18458
-1.18461
-1.18463
-1.18466
-1.18469
-1.18472
-1.18474
-1.18477
-1.1848
-1.18482
-1.18485
-1.18488
-1.1849
-1.18493
-1.18496
-1.18498
-1.18501
-1.18503
-1.18506
-1.18509
-1.18511
-1.18514
-1.18516
-1.18519
-1.18521
-1.18524
-1.18526
-1.18529
-1.18531
-1.18534
-1.18536
-1.18539
-1.18541
-1.18544
-1.18546
-1.18549
-1.18551
-1.18553
-1.18556
-1.18558
-1.18561
-1.18563
-1.18565
-1.18568
-1.1857
-1.18572
-1.18575
-1.18577
-1.18579
-1.18581
-1.18584
-1.18586
-1.18588
-1.1859
-1.18593
-1.18595
-1.18597
-1.18599
-1.18601
-1.18604
-1.18606
-1.18608
-1.1861
-1.18612
-1.18614
-1.18616
-1.18619
-1.18621
-1.18623
-1.18625
-1.18627
-1.18629
-1.18631
-1.18633
-1.18635
-1.18637
-1.18639
-1.18641
-1.18643
-1.18645
-1.18647
-1.18649
-1.18651
-1.18653
-1.18655
-1.18657
-1.18658
-1.1866
-1.18662
-1.18664
-1.18666
-1.18668
-1.1867
-1.18671
-1.18673
-1.18675
-1.18677
-1.18679
-1.1868
-1.18682
-1.18684
-1.18686
-1.18687
-1.18689
-1.18691
-1.18692
-1.18694
-1.18696
-1.18697
-1.18699
-1.18701
-1.18702
-1.18704
-1.18706
-1.18707
-1.18709
-1.1871
-1.18712
-1.18714
-1.18715
-1.18717
-1.18718
-1.1872
-1.18721
-1.18723
-1.18724
-1.18726
-1.18727
-1.18729
-1.1873
-1.18731
-1.18733
-1.18734
-1.18736
-1.18737
-1.18739
-1.1874
-1.18741
-1.18743
-1.18744
-1.18745
-1.18747
-1.18748
-1.18749
-1.18751
-1.18752
-1.18753
-1.18754
-1.18756
-1.18757
-1.18758
-1.18759
-1.1876
-1.18762
-1.18763
-1.18764
-1.18765
-1.18766
-1.18767
-1.18769
-1.1877
-1.18771
-1.18772
-1.18773
-1.18774
-1.18775
-1.18776
-1.18777
-1.18778
-1.18779
-1.1878
-1.18781
-1.18782
-1.18783
-1.18784
-1.18785
-1.18786
-1.18787
-1.18788
-1.18789
-1.1879
-1.18791
-1.18792
-1.18793
-1.18793
-1.18794
-1.18795
-1.18796
-1.18797
-1.18798
-1.18798
-1.18799
-1.188
-1.18801
-1.18801
-1.18802
-1.18803
-1.18804
-1.18804
-1.18805
-1.18806
-1.18806
-1.18807
-1.18808
-1.18808
-1.18809
-1.1881
-1.1881
-1.18811
-1.18812
-1.18812
-1.18813
-1.18813
-1.18814
-1.18814
-1.18815
-1.18815
-1.18816
-1.18816
-1.18817
-1.18817
-1.18818
-1.18818
-1.18819
-1.18819
-1.1882
-1.1882
-1.18821
-1.18821
-1.18821
-1.18822
-1.18822
-1.18822
-1.18823
-1.18823
-1.18823
-1.18824
-1.18824
-1.18824
-1.18825
-1.18825
-1.18825
-1.18825
-1.18826
-1.18826
-1.18826
-1.18826
-1.18826
-1.18827
-1.18827
-1.18827
-1.18827
-1.18827
-1.18827
-1.18827
-1.18827
-1.18828
-1.18828
-1.18828
-1.18828
-1.18828
-1.18828
-1.18828
-1.18828
-1.18828
-1.18828
-1.18828
-1.18828
-1.18828
-1.18828
-1.18828
-1.18828
-1.18828
-1.18827
-1.18827
-1.18827
-1.18827
-1.18827
-1.18827
-1.18827
-1.18826
-1.18826
-1.18826
-1.18826
-1.18826
-1.18825
-1.18825
-1.18825
-1.18825
-1.18824
-1.18824
-1.18824
-1.18824
-1.18823
-1.18823
-1.18823
-1.18822
-1.18822
-1.18822
-1.18821
-1.18821
-1.1882
-1.1882
-1.1882
-1.18819
-1.18819
-1.18818
-1.18818
-1.18817
-1.18817
-1.18816
-1.18816
-1.18815
-1.18815
-1.18814
-1.18814
-1.18813
-1.18812
-1.18812
-1.18811
-1.18811
-1.1881
-1.18809
-1.18809
-1.18808
-1.18807
-1.18807
-1.18806
-1.18805
-1.18805
-1.18804
-1.18803
-1.18803
-1.18802
-1.18801
-1.188
-1.18799
-1.18799
-1.18798
-1.18797
-1.18796
-1.18795
-1.18794
-1.18794
-1.18793
-1.18792
-1.18791
-1.1879
-1.18789
-1.18788
-1.18787
-1.18786
-1.18785
-1.18784
-1.18783
-1.18782
-1.18781
-1.1878
-1.18779
-1.18778
-1.18777
-1.18776
-1.18775
-1.18774
-1.18773
-1.18772
-1.18771
-1.1877
-1.18768
-1.18767
-1.18766
-1.18765
-1.18764
-1.18762
-1.18761
-1.1876
-1.18759
-1.18758
-1.18756
-1.18755
-1.18754
-1.18752
-1.18751
-1.1875
-1.18749
-1.18747
-1.18746
-1.18745
-1.18743
-1.18742
-1.1874
-1.18739
-1.18738
-1.18736
-1.18735
-1.18733
-1.18732
-1.1873
-1.18729
-1.18727
-1.18726
-1.18724
-1.18723
-1.18721
-1.1872
-1.18718
-1.18717
-1.18715
-1.18713
-1.18712
-1.1871
-1.18709
-1.18707
-1.18705
-1.18704
-1.18702
-1.187
-1.18699
-1.18697
-1.18695
-1.18693
-1.18692
-1.1869
-1.18688
-1.18686
-1.18685
-1.18683
-1.18681
-1.18679
-1.18677
-1.18676
-1.18674
-1.18672
-1.1867
-1.18668
-1.18666
-1.18664
-1.18662
-1.1866
-1.18658
-1.18656
-1.18654
-1.18653
-1.18651
-1.18649
-1.18647
-1.18644
-1.18642
-1.1864
-1.18638
-1.18636
-1.18634
-1.18632
-1.1863
-1.18628
-1.18626
-1.18624
-1.18621
-1.18619
-1.18617
-1.18615
-1.18613
-1.18611
-1.18608
-1.18606
-1.18604
-1.18602
-1.18599
-1.18597
-1.18595
-1.18592
-1.1859
-1.18588
-1.18585
-1.18583
-1.18581
-1.18578
-1.18576
-1.18574
-1.18571
-1.18569
-1.18566
-1.18564
-1.18561
-1.18559
-1.18557
-1.18554
-1.18552
-1.18549
-1.18547
-1.18544
-1.18541
-1.18539
-1.18536
-1.18534
-1.18531
-1.18529
-1.18526
-1.18523
-1.18521
-1.18518
-1.18515
-1.18513
-1.1851
-1.18507
-1.18505
-1.18502
-1.18499
-1.18496
-1.18494
-1.18491
-1.18488
-1.18485
-1.18483
-1.1848
-1.18477
-1.18474
-1.18471
-1.18468
-1.18466
-1.18463
-1.1846
-1.18457
-1.18454
-1.18451
-1.18448
-1.18445
-1.18442
-1.18439
-1.18436
-1.18433
-1.1843
-1.18427
-1.18424
-1.18421
-1.18418
-1.18415
-1.18412
-1.18409
-1.18406
-1.18403
-1.184
-1.18396
-1.18393
-1.1839
-1.18387
-1.18384
-1.18381
-1.18377
-1.18374
-1.18371
-1.18368
-1.18364
-1.18361
-1.18358
-1.18355
-1.18351
-1.18348
-1.18345
-1.18341
-1.18338
-1.18335
-1.18331
-1.18328
-1.18324
-1.18321
-1.18318
-1.18314
-1.18311
-1.18307
-1.18304
-1.183
-1.18297
-1.18293
-1.1829
-1.18286
-1.18283
-1.18279
-1.18276
-1.18272
-1.18268
-1.18265
-1.18261
-1.18258
-1.18254
-1.1825
-1.18247
-1.18243
-1.18239
-1.18236
-1.18232
-1.18228
-1.18225
-1.18221
-1.18217
-1.18213
-1.18209
-1.18206
-1.18202
-1.18198
-1.18194
-1.1819
-1.18187
-1.18183
-1.18179
-1.18175
-1.18171
-1.18167
-1.18163
-1.18159
-1.18155
-1.18151
-1.18147
-1.18143
-1.1814
-1.18136
-1.18131
-1.18127
-1.18123
-1.18119
-1.18115
-1.18111
-1.18107
-1.18103
-1.18099
-1.18095
-1.18091
-1.18087
-1.18082
-1.18078
-1.18074
-1.1807
-1.18066
-1.18061
-1.18057
-1.18053
-1.18049
-1.18044
-1.1804
-1.18036
-1.18032
-1.18027
-1.18023
-1.18019
-1.18014
-1.1801
-1.18006
-1.18001
-1.17997
-1.17992
-1.17988
-1.17983
-1.17979
-1.17975
-1.1797
-1.17966
-1.17961
-1.17957
-1.17952
-1.17948
-1.17943
-1.17938
-1.17934
-1.17929
-1.17925
-1.1792
-1.17916
-1.17911
-1.17906
-1.17902
-1.17897
-1.17892
-1.17888
-1.17883
-1.17878
-1.17873
-1.17869
-1.17864
-1.17859
-1.17854
-1.1785
-1.17845
-1.1784
-1.17835
-1.1783
-1.17826
-1.17821
-1.17816
-1.17811
-1.17806
-1.17801
-1.17796
-1.17791
-1.17786
-1.17781
-1.17776
-1.17771
-1.17766
-1.17761
-1.17756
-1.17751
-1.17746
-1.17741
-1.17736
-1.17731
-1.17726
-1.17721
-1.17716
-1.17711
-1.17706
-1.177
-1.17695
-1.1769
-1.17685
-1.1768
-1.17674
-1.17669
-1.17664
-1.17659
-1.17653
-1.17648
-1.17643
-1.17638
-1.17632
-1.17627
-1.17622
-1.17616
-1.17611
-1.17606
-1.176
-1.17595
-1.17589
-1.17584
-1.17579
-1.17573
-1.17568
-1.17562
-1.17557
-1.17551
-1.17546
-1.1754
-1.17535
-1.17529
-1.17523
-1.17518
-1.17512
-1.17507
-1.17501
-1.17496
-1.1749
-1.17484
-1.17479
-1.17473
-1.17467
-1.17462
-1.17456
-1.1745
-1.17444
-1.17439
-1.17433
-1.17427
-1.17421
-1.17416
-1.1741
-1.17404
-1.17398
-1.17392
-1.17386
-1.17381
-1.17375
-1.17369
-1.17363
-1.17357
-1.17351
-1.17345
-1.17339
-1.17333
-1.17327
-1.17321
-1.17315
-1.17309
-1.17303
-1.17297
-1.17291
-1.17285
-1.17279
-1.17273
-1.17267
-1.17261
-1.17254
-1.17248
-1.17242
-1.17236
-1.1723
-1.17224
-1.17217
-1.17211
-1.17205
-1.17199
-1.17192
-1.17186
-1.1718
-1.17174
-1.17167
-1.17161
-1.17155
-1.17148
-1.17142
-1.17136
-1.17129
-1.17123
-1.17116
-1.1711
-1.17103
-1.17097
-1.17091
-1.17084
-1.17078
-1.17071
-1.17065
-1.17058
-1.17052
-1.17045
-1.17038
-1.17032
-1.17025
-1.17019
-1.17012
-1.17005
-1.16999
-1.16992
-1.16986
-1.16979
-1.16972
-1.16965
-1.16959
-1.16952
-1.16945
-1.16939
-1.16932
-1.16925
-1.16918
-1.16911
-1.16905
-1.16898
-1.16891
-1.16884
-1.16877
-1.1687
-1.16864
-1.16857
-1.1685
-1.16843
-1.16836
-1.16829
-1.16822
-1.16815
-1.16808
-1.16801
-1.16794
-1.16787
-1.1678
-1.16773
-1.16766
-1.16759
-1.16752
-1.16744
-1.16737
-1.1673
-1.16723
-1.16716
-1.16709
-1.16702
-1.16694
-1.16687
-1.1668
-1.16673
-1.16665
-1.16658
-1.16651
-1.16644
-1.16636
-1.16629
-1.16622
-1.16614
-1.16607
-1.166
-1.16592
-1.16585
-1.16578
-1.1657
-1.16563
-1.16555
-1.16548
-1.1654
-1.16533
-1.16525
-1.16518
-1.1651
-1.16503
-1.16495
-1.16488
-1.1648
-1.16473
-1.16465
-1.16457
-1.1645
-1.16442
-1.16434
-1.16427
-1.16419
-1.16411
-1.16404
-1.16396
-1.16388
-1.16381
-1.16373
-1.16365
-1.16357
-1.1635
-1.16342
-1.16334
-1.16326
-1.16318
-1.1631
-1.16303
-1.16295
-1.16287
-1.16279
-1.16271
-1.16263
-1.16255
-1.16247
-1.16239
-1.16231
-1.16223
-1.16215
-1.16207
-1.16199
-1.16191
-1.16183
-1.16175
-1.16167
-1.16159
-1.16151
-1.16143
-1.16134
-1.16126
-1.16118
-1.1611
-1.16102
-1.16093
-1.16085
-1.16077
-1.16069
-1.16061
-1.16052
-1.16044
-1.16036
-1.16027
-1.16019
-1.16011
-1.16002
-1.15994
-1.15986
-1.15977
-1.15969
-1.1596
-1.15952
-1.15944
-1.15935
-1.15927
-1.15918
-1.1591
-1.15901
-1.15893
-1.15884
-1.15876
-1.15867
-1.15858
-1.1585
-1.15841
-1.15833
-1.15824
-1.15815
-1.15807
-1.15798
-1.15789
-1.15781
-1.15772
-1.15763
-1.15755
-1.15746
-1.15737
-1.15728
-1.1572
-1.15711
-1.15702
-1.15693
-1.15684
-1.15675
-1.15667
-1.15658
-1.15649
-1.1564
-1.15631
-1.15622
-1.15613
-1.15604
-1.15595
-1.15586
-1.15577
-1.15568
-1.15559
-1.1555
-1.15541
-1.15532
-1.15523
-1.15514
-1.15505
-1.15496
-1.15487
-1.15477
-1.15468
-1.15459
-1.1545
-1.15441
-1.15432
-1.15422
-1.15413
-1.15404
-1.15395
-1.15385
-1.15376
-1.15367
-1.15357
-1.15348
-1.15339
-1.15329
-1.1532
-1.15311
-1.15301
-1.15292
-1.15282
-1.15273
-1.15264
-1.15254
-1.15245
-1.15235
-1.15226
-1.15216
-1.15207
-1.15197
-1.15187
-1.15178
-1.15168
-1.15159
-1.15149
-1.15139
-1.1513
-1.1512
-1.15111
-1.15101
-1.15091
-1.15081
-1.15072
-1.15062
-1.15052
-1.15043
-1.15033
-1.15023
-1.15013
-1.15003
-1.14994
-1.14984
-1.14974
-1.14964
-1.14954
-1.14944
-1.14934
-1.14924
-1.14914
-1.14904
-1.14895
-1.14885
-1.14875
-1.14865
-1.14855
-1.14845
-1.14834
-1.14824
-1.14814
-1.14804
-1.14794
-1.14784
-1.14774
-1.14764
-1.14754
-1.14744
-1.14733
-1.14723
-1.14713
-1.14703
-1.14693
-1.14682
-1.14672
-1.14662
-1.14651
-1.14641
-1.14631
-1.14621
-1.1461
-1.146
-1.14589
-1.14579
-1.14569
-1.14558
-1.14548
-1.14537
-1.14527
-1.14517
-1.14506
-1.14496
-1.14485
-1.14475
-1.14464
-1.14453
-1.14443
-1.14432
-1.14422
-1.14411
-1.14401
-1.1439
-1.14379
-1.14369
-1.14358
-1.14347
-1.14337
-1.14326
-1.14315
-1.14304
-1.14294
-1.14283
-1.14272
-1.14261
-1.1425
-1.1424
-1.14229
-1.14218
-1.14207
-1.14196
-1.14185
-1.14174
-1.14164
-1.14153
-1.14142
-1.14131
-1.1412
-1.14109
-1.14098
-1.14087
-1.14076
-1.14065
-1.14054
-1.14043
-1.14032
-1.1402
-1.14009
-1.13998
-1.13987
-1.13976
-1.13965
-1.13954
-1.13942
-1.13931
-1.1392
-1.13909
-1.13897
-1.13886
-1.13875
-1.13864
-1.13852
-1.13841
-1.1383
-1.13818
-1.13807
-1.13796
-1.13784
-1.13773
-1.13761
-1.1375
-1.13739
-1.13727
-1.13716
-1.13704
-1.13693
-1.13681
-1.1367
-1.13658
-1.13647
-1.13635
-1.13623
-1.13612
-1.136
-1.13589
-1.13577
-1.13565
-1.13554
-1.13542
-1.1353
-1.13519
-1.13507
-1.13495
-1.13483
-1.13472
-1.1346
-1.13448
-1.13436
-1.13424
-1.13413
-1.13401
-1.13389
-1.13377
-1.13365
-1.13353
-1.13341
-1.13329
-1.13317
-1.13305
-1.13293
-1.13281
-1.13269
-1.13257
-1.13245
-1.13233
-1.13221
-1.13209
-1.13197
-1.13185
-1.13173
-1.13161
-1.13149
-1.13136
-1.13124
-1.13112
-1.131
-1.13088
-1.13075
-1.13063
-1.13051
-1.13039
-1.13026
-1.13014
-1.13002
-1.1299
-1.12977
-1.12965
-1.12952
-1.1294
-1.12928
-1.12915
-1.12903
-1.1289
-1.12878
-1.12865
-1.12853
-1.1284
-1.12828
-1.12815
-1.12803
-1.1279
-1.12778
-1.12765
-1.12753
-1.1274
-1.12727
-1.12715
-1.12702
-1.12689
-1.12677
-1.12664
-1.12651
-1.12639
-1.12626
-1.12613
-1.126
-1.12588
-1.12575
-1.12562
-1.12549
-1.12536
-1.12523
-1.12511
-1.12498
-1.12485
-1.12472
-1.12459
-1.12446
-1.12433
-1.1242
-1.12407
-1.12394
-1.12381
-1.12368
-1.12355
-1.12342
-1.12329
-1.12316
-1.12303
-1.1229
-1.12277
-1.12263
-1.1225
-1.12237
-1.12224
-1.12211
-1.12198
-1.12184
-1.12171
-1.12158
-1.12145
-1.12131
-1.12118
-1.12105
-1.12091
-1.12078
-1.12065
-1.12051
-1.12038
-1.12024
-1.12011
-1.11998
-1.11984
-1.11971
-1.11957
-1.11944
-1.1193
-1.11917
-1.11903
-1.1189
-1.11876
-1.11863
-1.11849
-1.11835
-1.11822
-1.11808
-1.11795
-1.11781
-1.11767
-1.11754
-1.1174
-1.11726
-1.11712
-1.11699
-1.11685
-1.11671
-1.11657
-1.11643
-1.1163
-1.11616
-1.11602
-1.11588
-1.11574
-1.1156
-1.11546
-1.11533
-1.11519
-1.11505
-1.11491
-1.11477
-1.11463
-1.11449
-1.11435
-1.11421
-1.11407
-1.11393
-1.11378
-1.11364
-1.1135
-1.11336
-1.11322
-1.11308
-1.11294
-1.11279
-1.11265
-1.11251
-1.11237
-1.11223
-1.11208
-1.11194
-1.1118
-1.11166
-1.11151
-1.11137
-1.11123
-1.11108
-1.11094
-1.11079
-1.11065
-1.11051
-1.11036
-1.11022
-1.11007
-1.10993
-1.10978
-1.10964
-1.10949
-1.10935
-1.1092
-1.10906
-1.10891
-1.10876
-1.10862
-1.10847
-1.10833
-1.10818
-1.10803
-1.10789
-1.10774
-1.10759
-1.10744
-1.1073
-1.10715
-1.107
-1.10685
-1.10671
-1.10656
-1.10641
-1.10626
-1.10611
-1.10596
-1.10581
-1.10567
-1.10552
-1.10537
-1.10522
-1.10507
-1.10492
-1.10477
-1.10462
-1.10447
-1.10432
-1.10417
-1.10402
-1.10387
-1.10371
-1.10356
-1.10341
-1.10326
-1.10311
-1.10296
-1.10281
-1.10265
-1.1025
-1.10235
-1.1022
-1.10204
-1.10189
-1.10174
-1.10159
-1.10143
-1.10128
-1.10113
-1.10097
-1.10082
-1.10066
-1.10051
-1.10036
-1.1002
-1.10005
-1.09989
-1.09974
-1.09958
-1.09943
-1.09927
-1.09912
-1.09896
-1.09881
-1.09865
-1.09849
-1.09834
-1.09818
-1.09802
-1.09787
-1.09771
-1.09755
-1.0974
-1.09724
-1.09708
-1.09692
-1.09677
-1.09661
-1.09645
-1.09629
-1.09613
-1.09598
-1.09582
-1.09566
-1.0955
-1.09534
-1.09518
-1.09502
-1.09486
-1.0947
-1.09454
-1.09438
-1.09422
-1.09406
-1.0939
-1.09374
-1.09358
-1.09342
-1.09326
-1.0931
-1.09294
-1.09278
-1.09261
-1.09245
-1.09229
-1.09213
-1.09197
-1.0918
-1.09164
-1.09148
-1.09132
-1.09115
-1.09099
-1.09083
-1.09066
-1.0905
-1.09033
-1.09017
-1.09001
-1.08984
-1.08968
-1.08951
-1.08935
-1.08918
-1.08902
-1.08885
-1.08869
-1.08852
-1.08836
-1.08819
-1.08803
-1.08786
-1.08769
-1.08753
-1.08736
-1.08719
-1.08703
-1.08686
-1.08669
-1.08653
-1.08636
-1.08619
-1.08602
-1.08586
-1.08569
-1.08552
-1.08535
-1.08518
-1.08501
-1.08485
-1.08468
-1.08451
-1.08434
-1.08417
-1.084
-1.08383
-1.08366
-1.08349
-1.08332
-1.08315
-1.08298
-1.08281
-1.08264
-1.08247
-1.0823
-1.08212
-1.08195
-1.08178
-1.08161
-1.08144
-1.08127
-1.08109
-1.08092
-1.08075
-1.08058
-1.0804
-1.08023
-1.08006
-1.07988
-1.07971
-1.07954
-1.07936
-1.07919
-1.07902
-1.07884
-1.07867
-1.07849
-1.07832
-1.07814
-1.07797
-1.07779
-1.07762
-1.07744
-1.07727
-1.07709
-1.07692
-1.07674
-1.07656
-1.07639
-1.07621
-1.07603
-1.07586
-1.07568
-1.0755
-1.07533
-1.07515
-1.07497
-1.07479
-1.07461
-1.07444
-1.07426
-1.07408
-1.0739
-1.07372
-1.07354
-1.07336
-1.07319
-1.07301
-1.07283
-1.07265
-1.07247
-1.07229
-1.07211
-1.07193
-1.07175
-1.07157
-1.07139
-1.0712
-1.07102
-1.07084
-1.07066
-1.07048
-1.0703
-1.07012
-1.06993
-1.06975
-1.06957
-1.06939
-1.06921
-1.06902
-1.06884
-1.06866
-1.06847
-1.06829
-1.06811
-1.06792
-1.06774
-1.06755
-1.06737
-1.06719
-1.067
-1.06682
-1.06663
-1.06645
-1.06626
-1.06608
-1.06589
-1.06571
-1.06552
-1.06533
-1.06515
-1.06496
-1.06478
-1.06459
-1.0644
-1.06422
-1.06403
-1.06384
-1.06365
-1.06347
-1.06328
-1.06309
-1.0629
-1.06272
-1.06253
-1.06234
-1.06215
-1.06196
-1.06177
-1.06158
-1.06139
-1.0612
-1.06102
-1.06083
-1.06064
-1.06045
-1.06026
-1.06007
-1.05987
-1.05968
-1.05949
-1.0593
-1.05911
-1.05892
-1.05873
-1.05854
-1.05835
-1.05815
-1.05796
-1.05777
-1.05758
-1.05738
-1.05719
-1.057
-1.05681
-1.05661
-1.05642
-1.05623
-1.05603
-1.05584
-1.05564
-1.05545
-1.05526
-1.05506
-1.05487
-1.05467
-1.05448
-1.05428
-1.05409
-1.05389
-1.05369
-1.0535
-1.0533
-1.05311
-1.05291
-1.05271
-1.05252
-1.05232
-1.05212
-1.05193
-1.05173
-1.05153
-1.05134
-1.05114
-1.05094
-1.05074
-1.05054
-1.05035
-1.05015
-1.04995
-1.04975
-1.04955
-1.04935
-1.04915
-1.04895
-1.04875
-1.04855
-1.04835
-1.04815
-1.04795
-1.04775
-1.04755
-1.04735
-1.04715
-1.04695
-1.04675
-1.04655
-1.04635
-1.04614
-1.04594
-1.04574
-1.04554
-1.04533
-1.04513
-1.04493
-1.04473
-1.04452
-1.04432
-1.04412
-1.04391
-1.04371
-1.04351
-1.0433
-1.0431
-1.04289
-1.04269
-1.04248
-1.04228
-1.04208
-1.04187
-1.04166
-1.04146
-1.04125
-1.04105
-1.04084
-1.04064
-1.04043
-1.04022
-1.04002
-1.03981
-1.0396
-1.0394
-1.03919
-1.03898
-1.03877
-1.03857
-1.03836
-1.03815
-1.03794
-1.03773
-1.03752
-1.03732
-1.03711
-1.0369
-1.03669
-1.03648
-1.03627
-1.03606
-1.03585
-1.03564
-1.03543
-1.03522
-1.03501
-1.0348
-1.03459
-1.03438
-1.03417
-1.03395
-1.03374
-1.03353
-1.03332
-1.03311
-1.0329
-1.03268
-1.03247
-1.03226
-1.03205
-1.03183
-1.03162
-1.03141
-1.03119
-1.03098
-1.03076
-1.03055
-1.03034
-1.03012
-1.02991
-1.02969
-1.02948
-1.02926
-1.02905
-1.02883
-1.02862
-1.0284
-1.02819
-1.02797
-1.02775
-1.02754
-1.02732
-1.02711
-1.02689
-1.02667
-1.02645
-1.02624
-1.02602
-1.0258
-1.02558
-1.02537
-1.02515
-1.02493
-1.02471
-1.02449
-1.02427
-1.02406
-1.02384
-1.02362
-1.0234
-1.02318
-1.02296
-1.02274
-1.02252
-1.0223
-1.02208
-1.02186
-1.02164
-1.02141
-1.02119
-1.02097
-1.02075
-1.02053
-1.02031
-1.02009
-1.01986
-1.01964
-1.01942
-1.0192
-1.01897
-1.01875
-1.01853
-1.0183
-1.01808
-1.01786
-1.01763
-1.01741
-1.01719
-1.01696
-1.01674
-1.01651
-1.01629
-1.01606
-1.01584
-1.01561
-1.01539
-1.01516
-1.01494
-1.01471
-1.01448
-1.01426
-1.01403
-1.0138
-1.01358
-1.01335
-1.01312
-1.0129
-1.01267
-1.01244
-1.01221
-1.01198
-1.01176
-1.01153
-1.0113
-1.01107
-1.01084
-1.01061
-1.01038
-1.01015
-1.00993
-1.0097
-1.00947
-1.00924
-1.00901
-1.00878
-1.00854
-1.00831
-1.00808
-1.00785
-1.00762
-1.00739
-1.00716
-1.00693
-1.00669
-1.00646
-1.00623
-1.006
-1.00577
-1.00553
-1.0053
-1.00507
-1.00483
-1.0046
-1.00437
-1.00413
-1.0039
-1.00367
-1.00343
-1.0032
-1.00296
-1.00273
-1.00249
-1.00226
-1.00202
-1.00179
-1.00155
-1.00132
-1.00108
-1.00084
-1.00061
-1.00037
-1.00013
-0.999897
-0.99966
-0.999423
-0.999186
-0.998948
-0.99871
-0.998473
-0.998235
-0.997996
-0.997758
-0.99752
-0.997281
-0.997042
-0.996803
-0.996564
-0.996325
-0.996085
-0.995845
-0.995605
-0.995365
-0.995125
-0.994885
-0.994644
-0.994403
-0.994163
-0.993921
-0.99368
-0.993439
-0.993197
-0.992955
-0.992714
-0.992471
-0.992229
-0.991987
-0.991744
-0.991501
-0.991258
-0.991015
-0.990772
-0.990528
-0.990285
-0.990041
-0.989797
-0.989553
-0.989308
-0.989064
-0.988819
-0.988574
-0.988329
-0.988084
-0.987839
-0.987593
-0.987347
-0.987101
-0.986855
-0.986609
-0.986363
-0.986116
-0.985869
-0.985622
-0.985375
-0.985128
-0.98488
-0.984633
-0.984385
-0.984137
-0.983889
-0.98364
-0.983392
-0.983143
-0.982894
-0.982645
-0.982396
-0.982147
-0.981897
-0.981647
-0.981398
-0.981147
-0.980897
-0.980647
-0.980396
-0.980145
-0.979894
-0.979643
-0.979392
-0.979141
-0.978889
-0.978637
-0.978385
-0.978133
-0.977881
-0.977628
-0.977375
-0.977122
-0.976869
-0.976616
-0.976363
-0.976109
-0.975856
-0.975602
-0.975347
-0.975093
-0.974839
-0.974584
-0.974329
-0.974074
-0.973819
-0.973564
-0.973308
-0.973053
-0.972797
-0.972541
-0.972285
-0.972028
-0.971772
-0.971515
-0.971258
-0.971001
-0.970744
-0.970486
-0.970229
-0.969971
-0.969713
-0.969455
-0.969197
-0.968938
-0.968679
-0.968421
-0.968161
-0.967902
-0.967643
-0.967383
-0.967124
-0.966864
-0.966604
-0.966343
-0.966083
-0.965822
-0.965562
-0.965301
-0.965039
-0.964778
-0.964517
-0.964255
-0.963993
-0.963731
-0.963469
-0.963207
-0.962944
-0.962681
-0.962418
-0.962155
-0.961892
-0.961629
-0.961365
-0.961101
-0.960837
-0.960573
-0.960309
-0.960044
-0.959779
-0.959515
-0.959249
-0.958984
-0.958719
-0.958453
-0.958188
-0.957922
-0.957655
-0.957389
-0.957123
-0.956856
-0.956589
-0.956322
-0.956055
-0.955788
-0.95552
-0.955252
-0.954984
-0.954716
-0.954448
-0.95418
-0.953911
-0.953642
-0.953373
-0.953104
-0.952835
-0.952565
-0.952296
-0.952026
-0.951756
-0.951485
-0.951215
-0.950944
-0.950674
-0.950403
-0.950132
-0.94986
-0.949589
-0.949317
-0.949045
-0.948773
-0.948501
-0.948229
-0.947956
-0.947683
-0.947411
-0.947137
-0.946864
-0.946591
-0.946317
-0.946043
-0.945769
-0.945495
-0.945221
-0.944946
-0.944671
-0.944396
-0.944121
-0.943846
-0.943571
-0.943295
-0.943019
-0.942743
-0.942467
-0.942191
-0.941914
-0.941637
-0.941361
-0.941083
-0.940806
-0.940529
-0.940251
-0.939973
-0.939695
-0.939417
-0.939139
-0.93886
-0.938582
-0.938303
-0.938024
-0.937744
-0.937465
-0.937185
-0.936906
-0.936626
-0.936345
-0.936065
-0.935785
-0.935504
-0.935223
-0.934942
-0.934661
-0.934379
-0.934098
-0.933816
-0.933534
-0.933252
-0.932969
-0.932687
-0.932404
-0.932121
-0.931838
-0.931555
-0.931271
-0.930988
-0.930704
-0.93042
-0.930136
-0.929851
-0.929567
-0.929282
-0.928997
-0.928712
-0.928427
-0.928141
-0.927856
-0.92757
-0.927284
-0.926998
-0.926711
-0.926425
-0.926138
-0.925851
-0.925564
-0.925277
-0.924989
-0.924702
-0.924414
-0.924126
-0.923837
-0.923549
-0.923261
-0.922972
-0.922683
-0.922394
-0.922104
-0.921815
-0.921525
-0.921235
-0.920945
-0.920655
-0.920365
-0.920074
-0.919783
-0.919492
-0.919201
-0.91891
-0.918618
-0.918326
-0.918035
-0.917742
-0.91745
-0.917158
-0.916865
-0.916572
-0.916279
-0.915986
-0.915693
-0.915399
-0.915105
-0.914811
-0.914517
-0.914223
-0.913929
-0.913634
-0.913339
-0.913044
-0.912749
-0.912453
-0.912158
-0.911862
-0.911566
-0.91127
-0.910973
-0.910677
-0.91038
-0.910083
-0.909786
-0.909489
-0.909191
-0.908894
-0.908596
-0.908298
-0.908
-0.907701
-0.907403
-0.907104
-0.906805
-0.906506
-0.906206
-0.905907
-0.905607
-0.905307
-0.905007
-0.904707
-0.904407
-0.904106
-0.903805
-0.903504
-0.903203
-0.902902
-0.9026
-0.902298
-0.901996
-0.901694
-0.901392
-0.901089
-0.900787
-0.900484
-0.900181
-0.899877
-0.899574
-0.89927
-0.898966
-0.898662
-0.898358
-0.898054
-0.897749
-0.897444
-0.897139
-0.896834
-0.896529
-0.896223
-0.895918
-0.895612
-0.895306
-0.895
-0.894693
-0.894386
-0.89408
-0.893773
-0.893465
-0.893158
-0.89285
-0.892543
-0.892235
-0.891926
-0.891618
-0.89131
-0.891001
-0.890692
-0.890383
-0.890073
-0.889764
-0.889454
-0.889144
-0.888834
-0.888524
-0.888214
-0.887903
-0.887592
-0.887281
-0.88697
-0.886659
-0.886347
-0.886035
-0.885723
-0.885411
-0.885099
-0.884786
-0.884474
-0.884161
-0.883848
-0.883534
-0.883221
-0.882907
-0.882593
-0.882279
-0.881965
-0.881651
-0.881336
-0.881021
-0.880706
-0.880391
-0.880076
-0.87976
-0.879444
-0.879128
-0.878812
-0.878496
-0.878179
-0.877863
-0.877546
-0.877229
-0.876911
-0.876594
-0.876276
-0.875958
-0.87564
-0.875322
-0.875004
-0.874685
-0.874366
-0.874047
-0.873728
-0.873409
-0.873089
-0.872769
-0.872449
-0.872129
-0.871809
-0.871488
-0.871167
-0.870847
-0.870525
-0.870204
-0.869883
-0.869561
-0.869239
-0.868917
-0.868595
-0.868272
-0.867949
-0.867627
-0.867304
-0.86698
-0.866657
-0.866333
-0.866009
-0.865685
-0.865361
-0.865037
-0.864712
-0.864387
-0.864062
-0.863737
-0.863412
-0.863086
-0.862761
-0.862435
-0.862108
-0.861782
-0.861456
-0.861129
-0.860802
-0.860475
-0.860148
-0.85982
-0.859492
-0.859164
-0.858836
-0.858508
-0.85818
-0.857851
-0.857522
-0.857193
-0.856864
-0.856534
-0.856205
-0.855875
-0.855545
-0.855215
-0.854884
-0.854554
-0.854223
-0.853892
-0.853561
-0.853229
-0.852898
-0.852566
-0.852234
-0.851902
-0.851569
-0.851237
-0.850904
-0.850571
-0.850238
-0.849905
-0.849571
-0.849237
-0.848904
-0.848569
-0.848235
-0.847901
-0.847566
-0.847231
-0.846896
-0.846561
-0.846225
-0.845889
-0.845553
-0.845217
-0.844881
-0.844545
-0.844208
-0.843871
-0.843534
-0.843197
-0.842859
-0.842522
-0.842184
-0.841846
-0.841508
-0.841169
-0.840831
-0.840492
-0.840153
-0.839813
-0.839474
-0.839134
-0.838795
-0.838455
-0.838114
-0.837774
-0.837433
-0.837093
-0.836752
-0.83641
-0.836069
-0.835727
-0.835386
-0.835044
-0.834701
-0.834359
-0.834017
-0.833674
-0.833331
-0.832988
-0.832644
-0.832301
-0.831957
-0.831613
-0.831269
-0.830924
-0.83058
-0.830235
-0.82989
-0.829545
-0.8292
-0.828854
-0.828508
-0.828162
-0.827816
-0.82747
-0.827123
-0.826777
-0.82643
-0.826083
-0.825735
-0.825388
-0.82504
-0.824692
-0.824344
-0.823996
-0.823647
-0.823298
-0.822949
-0.8226
-0.822251
-0.821901
-0.821552
-0.821202
-0.820852
-0.820501
-0.820151
-0.8198
-0.819449
-0.819098
-0.818747
-0.818395
-0.818043
-0.817691
-0.817339
-0.816987
-0.816634
-0.816282
-0.815929
-0.815576
-0.815222
-0.814869
-0.814515
-0.814161
-0.813807
-0.813453
-0.813098
-0.812743
-0.812389
-0.812033
-0.811678
-0.811323
-0.810967
-0.810611
-0.810255
-0.809898
-0.809542
-0.809185
-0.808828
-0.808471
-0.808114
-0.807756
-0.807398
-0.80704
-0.806682
-0.806324
-0.805965
-0.805607
-0.805248
-0.804888
-0.804529
-0.80417
-0.80381
-0.80345
-0.80309
-0.802729
-0.802369
-0.802008
-0.801647
-0.801286
-0.800924
-0.800563
-0.800201
-0.799839
-0.799477
-0.799114
-0.798752
-0.798389
-0.798026
-0.797663
-0.797299
-0.796936
-0.796572
-0.796208
-0.795844
-0.795479
-0.795115
-0.79475
-0.794385
-0.794019
-0.793654
-0.793288
-0.792923
-0.792556
-0.79219
-0.791824
-0.791457
-0.79109
-0.790723
-0.790356
-0.789988
-0.789621
-0.789253
-0.788885
-0.788516
-0.788148
-0.787779
-0.78741
-0.787041
-0.786672
-0.786302
-0.785933
-0.785563
-0.785192
-0.784822
-0.784452
-0.784081
-0.78371
-0.783339
-0.782967
-0.782596
-0.782224
-0.781852
-0.78148
-0.781107
-0.780735
-0.780362
-0.779989
-0.779616
-0.779242
-0.778869
-0.778495
-0.778121
-0.777747
-0.777372
-0.776997
-0.776623
-0.776248
-0.775872
-0.775497
-0.775121
-0.774745
-0.774369
-0.773993
-0.773616
-0.77324
-0.772863
-0.772485
-0.772108
-0.771731
-0.771353
-0.770975
-0.770597
-0.770218
-0.76984
-0.769461
-0.769082
-0.768703
-0.768323
-0.767944
-0.767564
-0.767184
-0.766804
-0.766423
-0.766043
-0.765662
-0.765281
-0.764899
-0.764518
-0.764136
-0.763754
-0.763372
-0.76299
-0.762607
-0.762225
-0.761842
-0.761459
-0.761075
-0.760692
-0.760308
-0.759924
-0.75954
-0.759155
-0.758771
-0.758386
-0.758001
-0.757616
-0.75723
-0.756845
-0.756459
-0.756073
-0.755687
-0.7553
-0.754913
-0.754526
-0.754139
-0.753752
-0.753365
-0.752977
-0.752589
-0.752201
-0.751812
-0.751424
-0.751035
-0.750646
-0.750257
-0.749867
-0.749478
-0.749088
-0.748698
-0.748308
-0.747917
-0.747527
-0.747136
-0.746745
-0.746353
-0.745962
-0.74557
-0.745178
-0.744786
-0.744394
-0.744001
-0.743608
-0.743215
-0.742822
-0.742429
-0.742035
-0.741641
-0.741247
-0.740853
-0.740459
-0.740064
-0.739669
-0.739274
-0.738879
-0.738483
-0.738088
-0.737692
-0.737295
-0.736899
-0.736503
-0.736106
-0.735709
-0.735312
-0.734914
-0.734517
-0.734119
-0.733721
-0.733322
-0.732924
-0.732525
-0.732126
-0.731727
-0.731328
-0.730929
-0.730529
-0.730129
-0.729729
-0.729328
-0.728928
-0.728527
-0.728126
-0.727725
-0.727323
-0.726922
-0.72652
-0.726118
-0.725715
-0.725313
-0.72491
-0.724507
-0.724104
-0.723701
-0.723297
-0.722893
-0.722489
-0.722085
-0.721681
-0.721276
-0.720871
-0.720466
-0.720061
-0.719655
-0.71925
-0.718844
-0.718438
-0.718031
-0.717625
-0.717218
-0.716811
-0.716404
-0.715996
-0.715589
-0.715181
-0.714773
-0.714365
-0.713956
-0.713547
-0.713139
-0.712729
-0.71232
-0.711911
-0.711501
-0.711091
-0.710681
-0.71027
-0.70986
-0.709449
-0.709038
-0.708626
-0.708215
-0.707803
-0.707391
-0.706979
-0.706567
-0.706154
-0.705741
-0.705328
-0.704915
-0.704502
-0.704088
-0.703674
-0.70326
-0.702846
-0.702431
-0.702017
-0.701602
-0.701187
-0.700771
-0.700356
-0.69994
-0.699524
-0.699108
-0.698691
-0.698274
-0.697858
-0.69744
-0.697023
-0.696606
-0.696188
-0.69577
-0.695352
-0.694933
-0.694515
-0.694096
-0.693677
-0.693258
-0.692838
-0.692418
-0.691998
-0.691578
-0.691158
-0.690737
-0.690317
-0.689896
-0.689474
-0.689053
-0.688631
-0.688209
-0.687787
-0.687365
-0.686942
-0.68652
-0.686097
-0.685674
-0.68525
-0.684827
-0.684403
-0.683979
-0.683554
-0.68313
-0.682705
-0.68228
-0.681855
-0.68143
-0.681004
-0.680578
-0.680152
-0.679726
-0.6793
-0.678873
-0.678446
-0.678019
-0.677591
-0.677164
-0.676736
-0.676308
-0.67588
-0.675451
-0.675023
-0.674594
-0.674165
-0.673736
-0.673306
-0.672876
-0.672446
-0.672016
-0.671586
-0.671155
-0.670724
-0.670293
-0.669862
-0.66943
-0.668999
-0.668567
-0.668134
-0.667702
-0.667269
-0.666837
-0.666404
-0.66597
-0.665537
-0.665103
-0.664669
-0.664235
-0.663801
-0.663366
-0.662931
-0.662496
-0.662061
-0.661625
-0.66119
-0.660754
-0.660318
-0.659881
-0.659445
-0.659008
-0.658571
-0.658134
-0.657696
-0.657258
-0.65682
-0.656382
-0.655944
-0.655505
-0.655066
-0.654627
-0.654188
-0.653749
-0.653309
-0.652869
-0.652429
-0.651989
-0.651548
-0.651107
-0.650666
-0.650225
-0.649783
-0.649342
-0.6489
-0.648458
-0.648015
-0.647573
-0.64713
-0.646687
-0.646244
-0.6458
-0.645356
-0.644912
-0.644468
-0.644024
-0.643579
-0.643135
-0.642689
-0.642244
-0.641799
-0.641353
-0.640907
-0.640461
-0.640014
-0.639568
-0.639121
-0.638674
-0.638227
-0.637779
-0.637331
-0.636883
-0.636435
-0.635987
-0.635538
-0.635089
-0.63464
-0.634191
-0.633741
-0.633292
-0.632842
-0.632391
-0.631941
-0.63149
-0.63104
-0.630588
-0.630137
-0.629686
-0.629234
-0.628782
-0.62833
-0.627877
-0.627424
-0.626971
-0.626518
-0.626065
-0.625611
-0.625158
-0.624704
-0.624249
-0.623795
-0.62334
-0.622885
-0.62243
-0.621975
-0.621519
-0.621063
-0.620607
-0.620151
-0.619694
-0.619237
-0.61878
-0.618323
-0.617866
-0.617408
-0.61695
-0.616492
-0.616034
-0.615575
-0.615116
-0.614657
-0.614198
-0.613739
-0.613279
-0.612819
-0.612359
-0.611899
-0.611438
-0.610977
-0.610516
-0.610055
-0.609593
-0.609131
-0.608669
-0.608207
-0.607745
-0.607282
-0.606819
-0.606356
-0.605893
-0.605429
-0.604965
-0.604501
-0.604037
-0.603573
-0.603108
-0.602643
-0.602178
-0.601712
-0.601247
-0.600781
-0.600315
-0.599849
-0.599382
-0.598915
-0.598448
-0.597981
-0.597514
-0.597046
-0.596578
-0.59611
-0.595641
-0.595173
-0.594704
-0.594235
-0.593766
-0.593296
-0.592826
-0.592356
-0.591886
-0.591416
-0.590945
-0.590474
-0.590003
-0.589532
-0.58906
-0.588588
-0.588116
-0.587644
-0.587171
-0.586699
-0.586226
-0.585752
-0.585279
-0.584805
-0.584331
-0.583857
-0.583383
-0.582908
-0.582433
-0.581958
-0.581483
-0.581008
-0.580532
-0.580056
-0.57958
-0.579103
-0.578626
-0.57815
-0.577672
-0.577195
-0.576717
-0.57624
-0.575762
-0.575283
-0.574805
-0.574326
-0.573847
-0.573368
-0.572888
-0.572409
-0.571929
-0.571448
-0.570968
-0.570487
-0.570007
-0.569525
-0.569044
-0.568563
-0.568081
-0.567599
-0.567117
-0.566634
-0.566151
-0.565668
-0.565185
-0.564702
-0.564218
-0.563734
-0.56325
-0.562766
-0.562281
-0.561796
-0.561311
-0.560826
-0.560341
-0.559855
-0.559369
-0.558883
-0.558396
-0.557909
-0.557423
-0.556935
-0.556448
-0.55596
-0.555472
-0.554984
-0.554496
-0.554008
-0.553519
-0.55303
-0.55254
-0.552051
-0.551561
-0.551071
-0.550581
-0.550091
-0.5496
-0.549109
-0.548618
-0.548126
-0.547635
-0.547143
-0.546651
-0.546159
-0.545666
-0.545173
-0.54468
-0.544187
-0.543693
-0.5432
-0.542706
-0.542212
-0.541717
-0.541222
-0.540727
-0.540232
-0.539737
-0.539241
-0.538745
-0.538249
-0.537753
-0.537256
-0.53676
-0.536263
-0.535765
-0.535268
-0.53477
-0.534272
-0.533774
-0.533275
-0.532777
-0.532278
-0.531779
-0.531279
-0.530779
-0.53028
-0.529779
-0.529279
-0.528779
-0.528278
-0.527777
-0.527275
-0.526774
-0.526272
-0.52577
-0.525268
-0.524765
-0.524262
-0.523759
-0.523256
-0.522753
-0.522249
-0.521745
-0.521241
-0.520737
-0.520232
-0.519727
-0.519222
-0.518717
-0.518211
-0.517705
-0.517199
-0.516693
-0.516186
-0.515679
-0.515172
-0.514665
-0.514158
-0.51365
-0.513142
-0.512634
-0.512125
-0.511616
-0.511107
-0.510598
-0.510089
-0.509579
-0.509069
-0.508559
-0.508049
-0.507538
-0.507027
-0.506516
-0.506005
-0.505493
-0.504981
-0.504469
-0.503957
-0.503444
-0.502932
-0.502419
-0.501905
-0.501392
-0.500878
-0.500364
-0.49985
-0.499335
-0.498821
-0.498306
-0.49779
-0.497275
-0.496759
-0.496243
-0.495727
-0.495211
-0.494694
-0.494177
-0.49366
-0.493143
-0.492625
-0.492107
-0.491589
-0.491071
-0.490552
-0.490033
-0.489514
-0.488995
-0.488475
-0.487956
-0.487436
-0.486915
-0.486395
-0.485874
-0.485353
-0.484832
-0.48431
-0.483789
-0.483267
-0.482744
-0.482222
-0.481699
-0.481176
-0.480653
-0.48013
-0.479606
-0.479082
-0.478558
-0.478033
-0.477509
-0.476984
-0.476459
-0.475933
-0.475408
-0.474882
-0.474356
-0.473829
-0.473303
-0.472776
-0.472249
-0.471721
-0.471194
-0.470666
-0.470138
-0.46961
-0.469081
-0.468552
-0.468023
-0.467494
-0.466964
-0.466435
-0.465905
-0.465374
-0.464844
-0.464313
-0.463782
-0.463251
-0.462719
-0.462188
-0.461656
-0.461123
-0.460591
-0.460058
-0.459525
-0.458992
-0.458458
-0.457925
-0.457391
-0.456857
-0.456322
-0.455787
-0.455252
-0.454717
-0.454182
-0.453646
-0.45311
-0.452574
-0.452038
-0.451501
-0.450964
-0.450427
-0.44989
-0.449352
-0.448814
-0.448276
-0.447737
-0.447199
-0.44666
-0.446121
-0.445581
-0.445042
-0.444502
-0.443962
-0.443421
-0.442881
-0.44234
-0.441799
-0.441257
-0.440716
-0.440174
-0.439632
-0.43909
-0.438547
-0.438004
-0.437461
-0.436918
-0.436374
-0.43583
-0.435286
-0.434742
-0.434197
-0.433652
-0.433107
-0.432562
-0.432016
-0.431471
-0.430924
-0.430378
-0.429832
-0.429285
-0.428738
-0.42819
-0.427643
-0.427095
-0.426547
-0.425999
-0.42545
-0.424901
-0.424352
-0.423803
-0.423253
-0.422703
-0.422153
-0.421603
-0.421052
-0.420502
-0.419951
-0.419399
-0.418848
-0.418296
-0.417744
-0.417191
-0.416639
-0.416086
-0.415533
-0.41498
-0.414426
-0.413872
-0.413318
-0.412764
-0.412209
-0.411654
-0.411099
-0.410544
-0.409988
-0.409433
-0.408876
-0.40832
-0.407764
-0.407207
-0.40665
-0.406092
-0.405535
-0.404977
-0.404419
-0.40386
-0.403302
-0.402743
-0.402184
-0.401624
-0.401065
-0.400505
-0.399945
-0.399384
-0.398824
-0.398263
-0.397702
-0.39714
-0.396579
-0.396017
-0.395455
-0.394892
-0.39433
-0.393767
-0.393204
-0.39264
-0.392077
-0.391513
-0.390949
-0.390384
-0.389819
-0.389255
-0.388689
-0.388124
-0.387558
-0.386992
-0.386426
-0.38586
-0.385293
-0.384726
-0.384159
-0.383591
-0.383024
-0.382456
-0.381887
-0.381319
-0.38075
-0.380181
-0.379612
-0.379042
-0.378473
-0.377903
-0.377332
-0.376762
-0.376191
-0.37562
-0.375049
-0.374477
-0.373905
-0.373333
-0.372761
-0.372189
-0.371616
-0.371043
-0.370469
-0.369896
-0.369322
-0.368748
-0.368173
-0.367599
-0.367024
-0.366449
-0.365873
-0.365298
-0.364722
-0.364146
-0.363569
-0.362993
-0.362416
-0.361839
-0.361261
-0.360683
-0.360106
-0.359527
-0.358949
-0.35837
-0.357791
-0.357212
-0.356632
-0.356053
-0.355473
-0.354892
-0.354312
-0.353731
-0.35315
-0.352569
-0.351987
-0.351405
-0.350823
-0.350241
-0.349658
-0.349076
-0.348493
-0.347909
-0.347326
-0.346742
-0.346158
-0.345573
-0.344989
-0.344404
-0.343818
-0.343233
-0.342647
-0.342061
-0.341475
-0.340889
-0.340302
-0.339715
-0.339128
-0.33854
-0.337953
-0.337365
-0.336776
-0.336188
-0.335599
-0.33501
-0.334421
-0.333831
-0.333241
-0.332651
-0.332061
-0.33147
-0.330879
-0.330288
-0.329697
-0.329105
-0.328513
-0.327921
-0.327329
-0.326736
-0.326143
-0.32555
-0.324956
-0.324363
-0.323769
-0.323174
-0.32258
-0.321985
-0.32139
-0.320795
-0.320199
-0.319603
-0.319007
-0.318411
-0.317814
-0.317217
-0.31662
-0.316023
-0.315425
-0.314827
-0.314229
-0.313631
-0.313032
-0.312433
-0.311834
-0.311234
-0.310634
-0.310034
-0.309434
-0.308834
-0.308233
-0.307632
-0.30703
-0.306429
-0.305827
-0.305225
-0.304622
-0.30402
-0.303417
-0.302814
-0.30221
-0.301607
-0.301003
-0.300398
-0.299794
-0.299189
-0.298584
-0.297979
-0.297373
-0.296767
-0.296161
-0.295555
-0.294948
-0.294342
-0.293735
-0.293127
-0.292519
-0.291912
-0.291303
-0.290695
-0.290086
-0.289477
-0.288868
-0.288258
-0.287649
-0.287039
-0.286428
-0.285818
-0.285207
-0.284596
-0.283984
-0.283373
-0.282761
-0.282149
-0.281536
-0.280924
-0.280311
-0.279698
-0.279084
-0.27847
-0.277856
-0.277242
-0.276627
-0.276013
-0.275398
-0.274782
-0.274167
-0.273551
-0.272935
-0.272318
-0.271701
-0.271085
-0.270467
-0.26985
-0.269232
-0.268614
-0.267996
-0.267377
-0.266758
-0.266139
-0.26552
-0.2649
-0.26428
-0.26366
-0.26304
-0.262419
-0.261798
-0.261177
-0.260556
-0.259934
-0.259312
-0.258689
-0.258067
-0.257444
-0.256821
-0.256198
-0.255574
-0.25495
-0.254326
-0.253701
-0.253077
-0.252452
-0.251827
-0.251201
-0.250575
-0.249949
-0.249323
-0.248696
-0.248069
-0.247442
-0.246815
-0.246187
-0.245559
-0.244931
-0.244303
-0.243674
-0.243045
-0.242416
-0.241786
-0.241156
-0.240526
-0.239896
-0.239265
-0.238634
-0.238003
-0.237372
-0.23674
-0.236108
-0.235476
-0.234843
-0.23421
-0.233577
-0.232944
-0.23231
-0.231676
-0.231042
-0.230408
-0.229773
-0.229138
-0.228503
-0.227867
-0.227232
-0.226596
-0.225959
-0.225323
-0.224686
-0.224049
-0.223411
-0.222774
-0.222136
-0.221497
-0.220859
-0.22022
-0.219581
-0.218942
-0.218302
-0.217662
-0.217022
-0.216382
-0.215741
-0.2151
-0.214459
-0.213818
-0.213176
-0.212534
-0.211891
-0.211249
-0.210606
-0.209963
-0.209319
-0.208676
-0.208032
-0.207388
-0.206743
-0.206098
-0.205453
-0.204808
-0.204162
-0.203516
-0.20287
-0.202224
-0.201577
-0.20093
-0.200283
-0.199636
-0.198988
-0.19834
-0.197691
-0.197043
-0.196394
-0.195745
-0.195095
-0.194446
-0.193796
-0.193145
-0.192495
-0.191844
-0.191193
-0.190542
-0.18989
-0.189238
-0.188586
-0.187933
-0.187281
-0.186628
-0.185974
-0.185321
-0.184667
-0.184013
-0.183358
-0.182704
-0.182049
-0.181394
-0.180738
-0.180082
-0.179426
-0.17877
-0.178113
-0.177457
-0.176799
-0.176142
-0.175484
-0.174826
-0.174168
-0.17351
-0.172851
-0.172192
-0.171532
-0.170873
-0.170213
-0.169552
-0.168892
-0.168231
-0.16757
-0.166909
-0.166247
-0.165585
-0.164923
-0.164261
-0.163598
-0.162935
-0.162272
-0.161608
-0.160945
-0.160281
-0.159616
-0.158952
-0.158287
-0.157621
-0.156956
-0.15629
-0.155624
-0.154958
-0.154291
-0.153624
-0.152957
-0.15229
-0.151622
-0.150954
-0.150286
-0.149617
-0.148948
-0.148279
-0.14761
-0.14694
-0.14627
-0.1456
-0.144929
-0.144259
-0.143588
-0.142916
-0.142245
-0.141573
-0.140901
-0.140228
-0.139555
-0.138882
-0.138209
-0.137535
-0.136861
-0.136187
-0.135513
-0.134838
-0.134163
-0.133488
-0.132812
-0.132136
-0.13146
-0.130784
-0.130107
-0.12943
-0.128753
-0.128075
-0.127398
-0.12672
-0.126041
-0.125363
-0.124684
-0.124004
-0.123325
-0.122645
-0.121965
-0.121285
-0.120604
-0.119923
-0.119242
-0.11856
-0.117879
-0.117197
-0.116514
-0.115832
-0.115149
-0.114466
-0.113782
-0.113098
-0.112414
-0.11173
-0.111045
-0.11036
-0.109675
-0.10899
-0.108304
-0.107618
-0.106932
-0.106245
-0.105558
-0.104871
-0.104184
-0.103496
-0.102808
-0.10212
-0.101431
-0.100742
-0.100053
-0.0993637
-0.098674
-0.097984
-0.0972937
-0.0966031
-0.0959123
-0.0952211
-0.0945297
-0.093838
-0.093146
-0.0924537
-0.0917612
-0.0910683
-0.0903752
-0.0896817
-0.088988
-0.088294
-0.0875998
-0.0869052
-0.0862103
-0.0855152
-0.0848198
-0.0841241
-0.0834281
-0.0827318
-0.0820352
-0.0813384
-0.0806412
-0.0799438
-0.0792461
-0.0785481
-0.0778498
-0.0771512
-0.0764523
-0.0757532
-0.0750537
-0.074354
-0.073654
-0.0729537
-0.0722531
-0.0715522
-0.070851
-0.0701496
-0.0694479
-0.0687458
-0.0680435
-0.0673409
-0.066638
-0.0659348
-0.0652314
-0.0645276
-0.0638236
-0.0631192
-0.0624146
-0.0617097
-0.0610045
-0.060299
-0.0595932
-0.0588872
-0.0581808
-0.0574742
-0.0567672
-0.05606
-0.0553525
-0.0546447
-0.0539366
-0.0532282
-0.0525196
-0.0518106
-0.0511014
-0.0503918
-0.049682
-0.0489719
-0.0482615
-0.0475508
-0.0468398
-0.0461285
-0.045417
-0.0447051
-0.043993
-0.0432805
-0.0425678
-0.0418548
-0.0411415
-0.0404279
-0.039714
-0.0389998
-0.0382853
-0.0375705
-0.0368555
-0.0361401
-0.0354245
-0.0347086
-0.0339924
-0.0332758
-0.032559
-0.0318419
-0.0311246
-0.0304069
-0.0296889
-0.0289707
-0.0282521
-0.0275333
-0.0268141
-0.0260947
-0.025375
-0.0246549
-0.0239346
-0.023214
-0.0224931
-0.021772
-0.0210505
-0.0203287
-0.0196067
-0.0188843
-0.0181616
-0.0174387
-0.0167155
-0.0159919
-0.0152681
-0.014544
-0.0138196
-0.0130949
-0.0123699
-0.0116446
-0.010919
-0.0101932
-0.00946698
-0.00874052
-0.00801376
-0.00728671
-0.00655936
-0.00583172
-0.00510379
-0.00437556
-0.00364704
-0.00291822
-0.00218911
-0.0014597
-0.000729997
